LIBGEO;CODGEO;filiere;energie_type;production_mwh;puissances_kw;Code département;Code de la commune
Allineuc;22001;Bois énergie domestique;Chaleur;1005.0;1254.0;22;001
Allineuc;22001;Hydroélectricité;Electricité;0.0;0.0;22;001
Allineuc;22001;PAC (aérothermie et géothermie);Chaleur;563.0;788.0;22;001
Allineuc;22001;Solaire PV;Electricité;2231.0;1912.0;22;001
Allineuc;22001;Solaire thermique;Chaleur;9.0;10.0;22;001
Andel;22002;Bois énergie domestique;Chaleur;1952.0;2434.0;22;002
Andel;22002;Hydroélectricité;Electricité;0.0;0.0;22;002
Andel;22002;Méthanisation;Chaleur;2219.0;360.0;22;002
Andel;22002;Méthanisation;Electricité;1948.0;316.0;22;002
Andel;22002;PAC (aérothermie et géothermie);Chaleur;879.0;1230.0;22;002
Andel;22002;Solaire PV;Electricité;69.0;256.0;22;002
Andel;22002;Solaire thermique;Chaleur;15.0;20.0;22;002
Aucaleuc;22003;Bois énergie domestique;Chaleur;1754.0;2188.0;22;003
Aucaleuc;22003;Hydroélectricité;Electricité;0.0;0.0;22;003
Aucaleuc;22003;PAC (aérothermie et géothermie);Chaleur;727.0;1017.0;22;003
Aucaleuc;22003;Solaire PV;Electricité;24.0;31.0;22;003
Aucaleuc;22003;Solaire thermique;Chaleur;12.0;20.0;22;003
Bégard;22004;Bois énergie chaufferies;Chaleur;3814.0;1800.0;22;004
Bégard;22004;Bois énergie domestique;Chaleur;8002.0;9980.0;22;004
Bégard;22004;Fossile;Chaleur;13815.0;4951.0;22;004
Bégard;22004;Fossile;Electricité;12280.0;4401.0;22;004
Bégard;22004;Hydroélectricité;Electricité;0.0;0.0;22;004
Bégard;22004;Méthanisation;Biométhane;0.0;0.0;22;004
Bégard;22004;PAC (aérothermie et géothermie);Chaleur;4072.0;5699.0;22;004
Bégard;22004;Solaire PV;Electricité;114.0;441.0;22;004
Bégard;22004;Solaire thermique;Chaleur;67.0;90.0;22;004
Belle-Isle-en-Terre;22005;Bois énergie chaufferies;Chaleur;344.0;300.0;22;005
Belle-Isle-en-Terre;22005;Bois énergie domestique;Chaleur;2108.0;2629.0;22;005
Belle-Isle-en-Terre;22005;Hydroélectricité;Electricité;0.0;0.0;22;005
Belle-Isle-en-Terre;22005;PAC (aérothermie et géothermie);Chaleur;1074.0;1503.0;22;005
Belle-Isle-en-Terre;22005;Solaire PV;Electricité;56.0;73.0;22;005
Belle-Isle-en-Terre;22005;Solaire thermique;Chaleur;18.0;20.0;22;005
Berhet;22006;Bois énergie domestique;Chaleur;434.0;542.0;22;006
Berhet;22006;Hydroélectricité;Electricité;0.0;0.0;22;006
Berhet;22006;PAC (aérothermie et géothermie);Chaleur;230.0;321.0;22;006
Berhet;22006;Solaire thermique;Chaleur;4.0;10.0;22;006
Bobital;22008;Bois énergie domestique;Chaleur;2231.0;2782.0;22;008
Bobital;22008;Hydroélectricité;Electricité;0.0;0.0;22;008
Bobital;22008;PAC (aérothermie et géothermie);Chaleur;953.0;1334.0;22;008
Bobital;22008;Solaire thermique;Chaleur;16.0;20.0;22;008
Le Bodéo;22009;Bois énergie domestique;Chaleur;355.0;442.0;22;009
Le Bodéo;22009;Hydroélectricité;Electricité;0.0;0.0;22;009
Le Bodéo;22009;PAC (aérothermie et géothermie);Chaleur;220.0;308.0;22;009
Le Bodéo;22009;Solaire PV;Electricité;78.0;65.0;22;009
Le Bodéo;22009;Solaire thermique;Chaleur;4.0;10.0;22;009
Boqueho;22011;Bois énergie domestique;Chaleur;1738.0;2168.0;22;011
Boqueho;22011;Éolien terrestre;Electricité;11015.0;4000.0;22;011
Boqueho;22011;Hydroélectricité;Electricité;0.0;0.0;22;011
Boqueho;22011;PAC (aérothermie et géothermie);Chaleur;862.0;1206.0;22;011
Boqueho;22011;Solaire PV;Electricité;53.0;152.0;22;011
Boqueho;22011;Solaire thermique;Chaleur;14.0;20.0;22;011
La Bouillie;22012;Bois énergie domestique;Chaleur;1815.0;2264.0;22;012
La Bouillie;22012;Hydroélectricité;Electricité;0.0;0.0;22;012
La Bouillie;22012;PAC (aérothermie et géothermie);Chaleur;833.0;1166.0;22;012
La Bouillie;22012;Solaire thermique;Chaleur;14.0;20.0;22;012
Bourbriac;22013;Bois énergie chaufferies;Chaleur;532.0;600.0;22;013
Bourbriac;22013;Bois énergie domestique;Chaleur;4353.0;5430.0;22;013
Bourbriac;22013;Éolien terrestre;Electricité;69709.0;29200.0;22;013
Bourbriac;22013;Hydroélectricité;Electricité;0.0;0.0;22;013
Bourbriac;22013;PAC (aérothermie et géothermie);Chaleur;2209.0;3091.0;22;013
Bourbriac;22013;Solaire PV;Electricité;287.0;293.0;22;013
Bourbriac;22013;Solaire thermique;Chaleur;37.0;50.0;22;013
Bourseul;22014;Bois énergie domestique;Chaleur;2182.0;2721.0;22;014
Bourseul;22014;Hydroélectricité;Electricité;0.0;0.0;22;014
Bourseul;22014;PAC (aérothermie et géothermie);Chaleur;1064.0;1489.0;22;014
Bourseul;22014;Solaire PV;Electricité;205.0;207.0;22;014
Bourseul;22014;Solaire thermique;Chaleur;18.0;20.0;22;014
Bréhand;22015;Bois énergie domestique;Chaleur;3244.0;4046.0;22;015
Bréhand;22015;Hydroélectricité;Electricité;0.0;0.0;22;015
Bréhand;22015;PAC (aérothermie et géothermie);Chaleur;1376.0;1926.0;22;015
Bréhand;22015;Solaire PV;Electricité;898.0;855.0;22;015
Bréhand;22015;Solaire thermique;Chaleur;23.0;30.0;22;015
Île-de-Bréhat;22016;Bois énergie domestique;Chaleur;1265.0;1578.0;22;016
Île-de-Bréhat;22016;Hydroélectricité;Electricité;0.0;0.0;22;016
Île-de-Bréhat;22016;PAC (aérothermie et géothermie);Chaleur;1417.0;1983.0;22;016
Île-de-Bréhat;22016;Solaire thermique;Chaleur;24.0;30.0;22;016
Brélidy;22018;Bois énergie domestique;Chaleur;725.0;905.0;22;018
Brélidy;22018;Hydroélectricité;Electricité;0.0;0.0;22;018
Brélidy;22018;PAC (aérothermie et géothermie);Chaleur;359.0;502.0;22;018
Brélidy;22018;Solaire PV;Electricité;29.0;40.0;22;018
Brélidy;22018;Solaire thermique;Chaleur;6.0;10.0;22;018
Bringolo;22019;Bois énergie chaufferies;Chaleur;145.0;100.0;22;019
Bringolo;22019;Bois énergie domestique;Chaleur;879.0;1097.0;22;019
Bringolo;22019;Hydroélectricité;Electricité;0.0;0.0;22;019
Bringolo;22019;Méthanisation;Chaleur;841.0;120.0;22;019
Bringolo;22019;PAC (aérothermie et géothermie);Chaleur;370.0;518.0;22;019
Bringolo;22019;Solaire PV;Electricité;41.0;106.0;22;019
Bringolo;22019;Solaire thermique;Chaleur;6.0;10.0;22;019
Broons;22020;Bois énergie domestique;Chaleur;5142.0;6413.0;22;020
Broons;22020;Éolien terrestre;Electricité;23169.0;11750.0;22;020
Broons;22020;Hydroélectricité;Electricité;0.0;0.0;22;020
Broons;22020;Méthanisation;Chaleur;170.0;33.0;22;020
Broons;22020;Méthanisation;Electricité;170.0;33.0;22;020
Broons;22020;PAC (aérothermie et géothermie);Chaleur;2344.0;3280.0;22;020
Broons;22020;Solaire PV;Electricité;476.0;924.0;22;020
Broons;22020;Solaire thermique;Chaleur;39.0;50.0;22;020
Brusvily;22021;Bois énergie domestique;Chaleur;2382.0;2971.0;22;021
Brusvily;22021;Hydroélectricité;Electricité;0.0;0.0;22;021
Brusvily;22021;PAC (aérothermie et géothermie);Chaleur;1025.0;1434.0;22;021
Brusvily;22021;Solaire PV;Electricité;19.0;41.0;22;021
Brusvily;22021;Solaire thermique;Chaleur;17.0;20.0;22;021
Bulat-Pestivien;22023;Bois énergie domestique;Chaleur;999.0;1246.0;22;023
Bulat-Pestivien;22023;Hydroélectricité;Electricité;0.0;0.0;22;023
Bulat-Pestivien;22023;PAC (aérothermie et géothermie);Chaleur;593.0;829.0;22;023
Bulat-Pestivien;22023;Solaire thermique;Chaleur;10.0;10.0;22;023
Calanhel;22024;Bois énergie domestique;Chaleur;564.0;703.0;22;024
Calanhel;22024;Éolien terrestre;Electricité;8687.0;5100.0;22;024
Calanhel;22024;Hydroélectricité;Electricité;0.0;0.0;22;024
Calanhel;22024;PAC (aérothermie et géothermie);Chaleur;325.0;455.0;22;024
Calanhel;22024;Solaire thermique;Chaleur;5.0;10.0;22;024
Callac;22025;Bois énergie chaufferies;Chaleur;3504.0;1655.0;22;025
Callac;22025;Bois énergie domestique;Chaleur;4884.0;6091.0;22;025
Callac;22025;Éolien terrestre;Electricité;6945.0;3200.0;22;025
Callac;22025;Hydroélectricité;Electricité;0.0;0.0;22;025
Callac;22025;PAC (aérothermie et géothermie);Chaleur;2500.0;3499.0;22;025
Callac;22025;Solaire PV;Electricité;78.0;195.0;22;025
Callac;22025;Solaire thermique;Chaleur;41.0;60.0;22;025
Calorguen;22026;Bois énergie domestique;Chaleur;1445.0;1803.0;22;026
Calorguen;22026;Hydroélectricité;Electricité;0.0;0.0;22;026
Calorguen;22026;PAC (aérothermie et géothermie);Chaleur;629.0;881.0;22;026
Calorguen;22026;Solaire PV;Electricité;71.0;70.0;22;026
Calorguen;22026;Solaire thermique;Chaleur;10.0;10.0;22;026
Le Cambout;22027;Bois énergie domestique;Chaleur;946.0;1180.0;22;027
Le Cambout;22027;Hydroélectricité;Electricité;0.0;0.0;22;027
Le Cambout;22027;PAC (aérothermie et géothermie);Chaleur;526.0;736.0;22;027
Le Cambout;22027;Solaire thermique;Chaleur;9.0;10.0;22;027
Camlez;22028;Bois énergie domestique;Chaleur;1521.0;1896.0;22;028
Camlez;22028;Fossile;Chaleur;28342.0;7231.0;22;028
Camlez;22028;Fossile;Electricité;25192.0;6428.0;22;028
Camlez;22028;Hydroélectricité;Electricité;0.0;0.0;22;028
Camlez;22028;PAC (aérothermie et géothermie);Chaleur;811.0;1135.0;22;028
Camlez;22028;Solaire PV;Electricité;80.0;242.0;22;028
Camlez;22028;Solaire thermique;Chaleur;13.0;20.0;22;028
Canihuel;22029;Bois énergie domestique;Chaleur;819.0;1021.0;22;029
Canihuel;22029;Hydroélectricité;Electricité;0.0;0.0;22;029
Canihuel;22029;PAC (aérothermie et géothermie);Chaleur;475.0;664.0;22;029
Canihuel;22029;Solaire thermique;Chaleur;8.0;10.0;22;029
Caouënnec-Lanvézéac;22030;Bois énergie domestique;Chaleur;1527.0;1905.0;22;030
Caouënnec-Lanvézéac;22030;Hydroélectricité;Electricité;0.0;0.0;22;030
Caouënnec-Lanvézéac;22030;PAC (aérothermie et géothermie);Chaleur;723.0;1012.0;22;030
Caouënnec-Lanvézéac;22030;Solaire PV;Electricité;245.0;246.0;22;030
Caouënnec-Lanvézéac;22030;Solaire thermique;Chaleur;12.0;20.0;22;030
Carnoët;22031;Bois énergie domestique;Chaleur;1548.0;1931.0;22;031
Carnoët;22031;Hydroélectricité;Electricité;0.0;0.0;22;031
Carnoët;22031;PAC (aérothermie et géothermie);Chaleur;883.0;1235.0;22;031
Carnoët;22031;Solaire PV;Electricité;238.0;245.0;22;031
Carnoët;22031;Solaire thermique;Chaleur;15.0;20.0;22;031
Caulnes;22032;Bois énergie domestique;Chaleur;4844.0;6042.0;22;032
Caulnes;22032;Hydroélectricité;Electricité;0.0;0.0;22;032
Caulnes;22032;PAC (aérothermie et géothermie);Chaleur;2127.0;2977.0;22;032
Caulnes;22032;Solaire PV;Electricité;311.0;451.0;22;032
Caulnes;22032;Solaire thermique;Chaleur;35.0;50.0;22;032
Caurel;22033;Bois énergie domestique;Chaleur;935.0;1166.0;22;033
Caurel;22033;Éolien terrestre;Electricité;3154.0;2550.0;22;033
Caurel;22033;Hydroélectricité;Electricité;0.0;0.0;22;033
Caurel;22033;PAC (aérothermie et géothermie);Chaleur;660.0;924.0;22;033
Caurel;22033;Solaire thermique;Chaleur;11.0;20.0;22;033
Cavan;22034;Bois énergie chaufferies;Chaleur;162.0;155.0;22;034
Cavan;22034;Bois énergie domestique;Chaleur;2700.0;3368.0;22;034
Cavan;22034;Hydroélectricité;Electricité;0.0;0.0;22;034
Cavan;22034;PAC (aérothermie et géothermie);Chaleur;1284.0;1796.0;22;034
Cavan;22034;Solaire PV;Electricité;123.0;129.0;22;034
Cavan;22034;Solaire thermique;Chaleur;21.0;30.0;22;034
Les Champs-Géraux;22035;Bois énergie chaufferies;Chaleur;32.0;100.0;22;035
Les Champs-Géraux;22035;Bois énergie domestique;Chaleur;2185.0;2725.0;22;035
Les Champs-Géraux;22035;Hydroélectricité;Electricité;0.0;0.0;22;035
Les Champs-Géraux;22035;PAC (aérothermie et géothermie);Chaleur;994.0;1390.0;22;035
Les Champs-Géraux;22035;Solaire PV;Electricité;65.0;71.0;22;035
Les Champs-Géraux;22035;Solaire thermique;Chaleur;16.0;20.0;22;035
La Chapelle-Blanche;22036;Bois énergie chaufferies;Chaleur;54.0;65.0;22;036
La Chapelle-Blanche;22036;Bois énergie domestique;Chaleur;354.0;442.0;22;036
La Chapelle-Blanche;22036;Hydroélectricité;Electricité;0.0;0.0;22;036
La Chapelle-Blanche;22036;Méthanisation;Chaleur;1244.0;155.0;22;036
La Chapelle-Blanche;22036;Méthanisation;Electricité;1284.0;160.0;22;036
La Chapelle-Blanche;22036;PAC (aérothermie et géothermie);Chaleur;197.0;276.0;22;036
La Chapelle-Blanche;22036;Solaire PV;Electricité;72.0;79.0;22;036
La Chapelle-Blanche;22036;Solaire thermique;Chaleur;3.0;0.0;22;036
La Chapelle-Neuve;22037;Bois énergie domestique;Chaleur;928.0;1157.0;22;037
La Chapelle-Neuve;22037;Éolien terrestre;Electricité;3473.0;1600.0;22;037
La Chapelle-Neuve;22037;Hydroélectricité;Electricité;0.0;0.0;22;037
La Chapelle-Neuve;22037;PAC (aérothermie et géothermie);Chaleur;555.0;776.0;22;037
La Chapelle-Neuve;22037;Solaire thermique;Chaleur;9.0;10.0;22;037
La Chèze;22039;Bois énergie domestique;Chaleur;1163.0;1450.0;22;039
La Chèze;22039;Hydroélectricité;Electricité;0.0;0.0;22;039
La Chèze;22039;PAC (aérothermie et géothermie);Chaleur;550.0;769.0;22;039
La Chèze;22039;Solaire thermique;Chaleur;9.0;10.0;22;039
Coadout;22040;Bois énergie domestique;Chaleur;1139.0;1421.0;22;040
Coadout;22040;Hydroélectricité;Electricité;0.0;0.0;22;040
Coadout;22040;PAC (aérothermie et géothermie);Chaleur;499.0;698.0;22;040
Coadout;22040;Solaire thermique;Chaleur;8.0;10.0;22;040
Coatascorn;22041;Bois énergie domestique;Chaleur;461.0;575.0;22;041
Coatascorn;22041;Hydroélectricité;Electricité;0.0;0.0;22;041
Coatascorn;22041;PAC (aérothermie et géothermie);Chaleur;242.0;338.0;22;041
Coatascorn;22041;Solaire thermique;Chaleur;4.0;10.0;22;041
Coatréven;22042;Bois énergie domestique;Chaleur;909.0;1133.0;22;042
Coatréven;22042;Hydroélectricité;Electricité;0.0;0.0;22;042
Coatréven;22042;PAC (aérothermie et géothermie);Chaleur;454.0;635.0;22;042
Coatréven;22042;Solaire thermique;Chaleur;8.0;10.0;22;042
Coëtlogon;22043;Bois énergie domestique;Chaleur;513.0;640.0;22;043
Coëtlogon;22043;Hydroélectricité;Electricité;0.0;0.0;22;043
Coëtlogon;22043;PAC (aérothermie et géothermie);Chaleur;276.0;386.0;22;043
Coëtlogon;22043;Solaire thermique;Chaleur;5.0;10.0;22;043
Coëtmieux;22044;Bois énergie chaufferies;Chaleur;192.0;220.0;22;044
Coëtmieux;22044;Bois énergie domestique;Chaleur;2845.0;3549.0;22;044
Coëtmieux;22044;Hydroélectricité;Electricité;0.0;0.0;22;044
Coëtmieux;22044;PAC (aérothermie et géothermie);Chaleur;1322.0;1850.0;22;044
Coëtmieux;22044;Solaire PV;Electricité;24.0;49.0;22;044
Coëtmieux;22044;Solaire thermique;Chaleur;22.0;30.0;22;044
Cohiniac;22045;Bois énergie domestique;Chaleur;738.0;920.0;22;045
Cohiniac;22045;Hydroélectricité;Electricité;0.0;0.0;22;045
Cohiniac;22045;PAC (aérothermie et géothermie);Chaleur;350.0;489.0;22;045
Cohiniac;22045;Solaire PV;Electricité;43.0;42.0;22;045
Cohiniac;22045;Solaire thermique;Chaleur;6.0;10.0;22;045
Le Mené;22046;Bois énergie chaufferies;Chaleur;2753.0;1400.0;22;046
Le Mené;22046;Bois énergie domestique;Chaleur;12725.0;15871.0;22;046
Le Mené;22046;Éolien terrestre;Electricité;25450.0;9600.0;22;046
Le Mené;22046;Hydroélectricité;Electricité;0.0;0.0;22;046
Le Mené;22046;Méthanisation;Chaleur;0.0;0.0;22;046
Le Mené;22046;Méthanisation;Electricité;0.0;0.0;22;046
Le Mené;22046;PAC (aérothermie et géothermie);Chaleur;6403.0;8959.0;22;046
Le Mené;22046;Solaire PV;Electricité;1455.0;1696.0;22;046
Le Mené;22046;Solaire thermique;Chaleur;106.0;150.0;22;046
Corlay;22047;Bois énergie domestique;Chaleur;2019.0;2518.0;22;047
Corlay;22047;Hydroélectricité;Electricité;0.0;0.0;22;047
Corlay;22047;PAC (aérothermie et géothermie);Chaleur;1034.0;1447.0;22;047
Corlay;22047;Solaire PV;Electricité;56.0;74.0;22;047
Corlay;22047;Solaire thermique;Chaleur;17.0;20.0;22;047
Corseul;22048;Bois énergie chaufferies;Chaleur;28.0;35.0;22;048
Corseul;22048;Bois énergie domestique;Chaleur;4591.0;5727.0;22;048
Corseul;22048;Hydroélectricité;Electricité;0.0;0.0;22;048
Corseul;22048;Méthanisation;Biométhane;8008.1;918.0;22;048
Corseul;22048;PAC (aérothermie et géothermie);Chaleur;2144.0;3001.0;22;048
Corseul;22048;Solaire PV;Electricité;83.0;285.0;22;048
Corseul;22048;Solaire thermique;Chaleur;36.0;50.0;22;048
Créhen;22049;Bois énergie domestique;Chaleur;3154.0;3934.0;22;049
Créhen;22049;Hydroélectricité;Electricité;0.0;0.0;22;049
Créhen;22049;PAC (aérothermie et géothermie);Chaleur;1572.0;2200.0;22;049
Créhen;22049;Solaire PV;Electricité;31.0;55.0;22;049
Créhen;22049;Solaire thermique;Chaleur;26.0;40.0;22;049
Dinan;22050;Bois énergie chaufferies;Chaleur;315.0;300.0;22;050
Dinan;22050;Bois énergie domestique;Chaleur;11001.0;13721.0;22;050
Dinan;22050;Fossile;Chaleur;1163.0;1406.0;22;050
Dinan;22050;Fossile;Electricité;1033.0;1250.0;22;050
Dinan;22050;Hydroélectricité;Electricité;0.0;0.0;22;050
Dinan;22050;PAC (aérothermie et géothermie);Chaleur;6792.0;9504.0;22;050
Dinan;22050;Solaire PV;Electricité;371.0;350.0;22;050
Dinan;22050;Solaire thermique;Chaleur;112.0;160.0;22;050
Duault;22052;Bois énergie domestique;Chaleur;826.0;1030.0;22;052
Duault;22052;Hydroélectricité;Electricité;0.0;0.0;22;052
Duault;22052;PAC (aérothermie et géothermie);Chaleur;505.0;707.0;22;052
Duault;22052;Solaire PV;Electricité;271.0;220.0;22;052
Duault;22052;Solaire thermique;Chaleur;8.0;10.0;22;052
Éréac;22053;Bois énergie domestique;Chaleur;1399.0;1745.0;22;053
Éréac;22053;Hydroélectricité;Electricité;0.0;0.0;22;053
Éréac;22053;Méthanisation;Chaleur;4275.0;499.0;22;053
Éréac;22053;Méthanisation;Electricité;4275.0;499.0;22;053
Éréac;22053;PAC (aérothermie et géothermie);Chaleur;753.0;1053.0;22;053
Éréac;22053;Solaire PV;Electricité;220.0;200.0;22;053
Éréac;22053;Solaire thermique;Chaleur;13.0;20.0;22;053
Erquy;22054;Bois énergie domestique;Chaleur;9446.0;11781.0;22;054
Erquy;22054;Éolien en mer;Electricité;114603.0;496000.0;22;054
Erquy;22054;Hydroélectricité;Electricité;0.0;0.0;22;054
Erquy;22054;PAC (aérothermie et géothermie);Chaleur;6855.0;9592.0;22;054
Erquy;22054;Solaire PV;Electricité;200.0;235.0;22;054
Erquy;22054;Solaire thermique;Chaleur;114.0;160.0;22;054
Binic-Étables-sur-Mer;22055;Bois énergie chaufferies;Chaleur;954.0;360.0;22;055
Binic-Étables-sur-Mer;22055;Bois énergie domestique;Chaleur;10589.0;13207.0;22;055
Binic-Étables-sur-Mer;22055;Hydroélectricité;Electricité;0.0;0.0;22;055
Binic-Étables-sur-Mer;22055;PAC (aérothermie et géothermie);Chaleur;7842.0;10974.0;22;055
Binic-Étables-sur-Mer;22055;Solaire PV;Electricité;322.0;476.0;22;055
Binic-Étables-sur-Mer;22055;Solaire thermique;Chaleur;130.0;180.0;22;055
Évran;22056;Bois énergie chaufferies;Chaleur;401.0;290.0;22;056
Évran;22056;Bois énergie domestique;Chaleur;3529.0;4402.0;22;056
Évran;22056;Hydroélectricité;Electricité;0.0;0.0;22;056
Évran;22056;Méthanisation;Chaleur;491.0;70.0;22;056
Évran;22056;PAC (aérothermie et géothermie);Chaleur;1579.0;2210.0;22;056
Évran;22056;Solaire PV;Electricité;173.0;192.0;22;056
Évran;22056;Solaire thermique;Chaleur;26.0;40.0;22;056
Le Faouët;22057;Bois énergie domestique;Chaleur;882.0;1100.0;22;057
Le Faouët;22057;Hydroélectricité;Electricité;0.0;0.0;22;057
Le Faouët;22057;PAC (aérothermie et géothermie);Chaleur;423.0;591.0;22;057
Le Faouët;22057;Solaire thermique;Chaleur;7.0;10.0;22;057
Le Fœil;22059;Bois énergie domestique;Chaleur;2324.0;2899.0;22;059
Le Fœil;22059;Hydroélectricité;Electricité;0.0;0.0;22;059
Le Fœil;22059;PAC (aérothermie et géothermie);Chaleur;1069.0;1496.0;22;059
Le Fœil;22059;Solaire PV;Electricité;151.0;160.0;22;059
Le Fœil;22059;Solaire thermique;Chaleur;18.0;20.0;22;059
Gausson;22060;Bois énergie domestique;Chaleur;1280.0;1597.0;22;060
Gausson;22060;Hydroélectricité;Electricité;0.0;0.0;22;060
Gausson;22060;PAC (aérothermie et géothermie);Chaleur;646.0;903.0;22;060
Gausson;22060;Solaire PV;Electricité;89.0;83.0;22;060
Gausson;22060;Solaire thermique;Chaleur;11.0;10.0;22;060
Glomel;22061;Bois énergie chaufferies;Chaleur;318.0;280.0;22;061
Glomel;22061;Bois énergie domestique;Chaleur;3331.0;4155.0;22;061
Glomel;22061;Hydroélectricité;Electricité;0.0;0.0;22;061
Glomel;22061;PAC (aérothermie et géothermie);Chaleur;1812.0;2536.0;22;061
Glomel;22061;Solaire PV;Electricité;67.0;131.0;22;061
Glomel;22061;Solaire thermique;Chaleur;30.0;40.0;22;061
Gomené;22062;Bois énergie chaufferies;Chaleur;641.0;550.0;22;062
Gomené;22062;Bois énergie domestique;Chaleur;1205.0;1503.0;22;062
Gomené;22062;Hydroélectricité;Electricité;0.0;0.0;22;062
Gomené;22062;Méthanisation;Chaleur;2442.0;455.0;22;062
Gomené;22062;Méthanisation;Electricité;1916.0;357.0;22;062
Gomené;22062;PAC (aérothermie et géothermie);Chaleur;628.0;879.0;22;062
Gomené;22062;Solaire PV;Electricité;271.0;557.0;22;062
Gomené;22062;Solaire thermique;Chaleur;10.0;10.0;22;062
Gommenec'h;22063;Bois énergie domestique;Chaleur;1175.0;1465.0;22;063
Gommenec'h;22063;Hydroélectricité;Electricité;0.0;0.0;22;063
Gommenec'h;22063;PAC (aérothermie et géothermie);Chaleur;610.0;854.0;22;063
Gommenec'h;22063;Solaire thermique;Chaleur;10.0;10.0;22;063
Gouarec;22064;Bois énergie chaufferies;Chaleur;2589.0;750.0;22;064
Gouarec;22064;Bois énergie domestique;Chaleur;1413.0;1763.0;22;064
Gouarec;22064;Hydroélectricité;Electricité;0.0;0.0;22;064
Gouarec;22064;PAC (aérothermie et géothermie);Chaleur;698.0;977.0;22;064
Gouarec;22064;Solaire thermique;Chaleur;12.0;20.0;22;064
Goudelin;22065;Bois énergie chaufferies;Chaleur;85.0;55.0;22;065
Goudelin;22065;Bois énergie domestique;Chaleur;3442.0;4292.0;22;065
Goudelin;22065;Hydroélectricité;Electricité;0.0;0.0;22;065
Goudelin;22065;PAC (aérothermie et géothermie);Chaleur;1559.0;2182.0;22;065
Goudelin;22065;Solaire PV;Electricité;45.0;91.0;22;065
Goudelin;22065;Solaire thermique;Chaleur;26.0;40.0;22;065
Grâces;22067;Bois énergie domestique;Chaleur;3779.0;4713.0;22;067
Grâces;22067;Hydroélectricité;Electricité;0.0;0.0;22;067
Grâces;22067;PAC (aérothermie et géothermie);Chaleur;2269.0;3175.0;22;067
Grâces;22067;Solaire PV;Electricité;47.0;91.0;22;067
Grâces;22067;Solaire thermique;Chaleur;38.0;50.0;22;067
Grâce-Uzel;22068;Bois énergie domestique;Chaleur;796.0;992.0;22;068
Grâce-Uzel;22068;Hydroélectricité;Electricité;0.0;0.0;22;068
Grâce-Uzel;22068;PAC (aérothermie et géothermie);Chaleur;391.0;547.0;22;068
Grâce-Uzel;22068;Solaire PV;Electricité;205.0;180.0;22;068
Grâce-Uzel;22068;Solaire thermique;Chaleur;7.0;10.0;22;068
Guenroc;22069;Bois énergie domestique;Chaleur;507.0;632.0;22;069
Guenroc;22069;Hydroélectricité;Electricité;0.0;0.0;22;069
Guenroc;22069;PAC (aérothermie et géothermie);Chaleur;264.0;370.0;22;069
Guenroc;22069;Solaire thermique;Chaleur;4.0;10.0;22;069
Guingamp;22070;Bois énergie domestique;Chaleur;5239.0;6534.0;22;070
Guingamp;22070;Hydroélectricité;Electricité;0.0;0.0;22;070
Guingamp;22070;PAC (aérothermie et géothermie);Chaleur;3348.0;4685.0;22;070
Guingamp;22070;Solaire PV;Electricité;34.0;51.0;22;070
Guingamp;22070;Solaire thermique;Chaleur;55.0;80.0;22;070
Guitté;22071;Bois énergie chaufferies;Chaleur;95.0;100.0;22;071
Guitté;22071;Bois énergie domestique;Chaleur;1412.0;1761.0;22;071
Guitté;22071;Hydroélectricité;Electricité;0.0;0.0;22;071
Guitté;22071;PAC (aérothermie et géothermie);Chaleur;703.0;984.0;22;071
Guitté;22071;Solaire PV;Electricité;230.0;240.0;22;071
Guitté;22071;Solaire thermique;Chaleur;12.0;20.0;22;071
Gurunhuel;22072;Bois énergie domestique;Chaleur;845.0;1054.0;22;072
Gurunhuel;22072;Éolien terrestre;Electricité;29312.0;10800.0;22;072
Gurunhuel;22072;Hydroélectricité;Electricité;0.0;0.0;22;072
Gurunhuel;22072;PAC (aérothermie et géothermie);Chaleur;445.0;623.0;22;072
Gurunhuel;22072;Solaire thermique;Chaleur;7.0;10.0;22;072
La Harmoye;22073;Bois énergie chaufferies;Chaleur;126.0;130.0;22;073
La Harmoye;22073;Bois énergie domestique;Chaleur;739.0;922.0;22;073
La Harmoye;22073;Hydroélectricité;Electricité;0.0;0.0;22;073
La Harmoye;22073;PAC (aérothermie et géothermie);Chaleur;382.0;534.0;22;073
La Harmoye;22073;Solaire PV;Electricité;42.0;199.0;22;073
La Harmoye;22073;Solaire thermique;Chaleur;6.0;10.0;22;073
Le Haut-Corlay;22074;Bois énergie domestique;Chaleur;1443.0;1800.0;22;074
Le Haut-Corlay;22074;Éolien terrestre;Electricité;1772.0;9000.0;22;074
Le Haut-Corlay;22074;Hydroélectricité;Electricité;0.0;0.0;22;074
Le Haut-Corlay;22074;Méthanisation;Chaleur;0.0;0.0;22;074
Le Haut-Corlay;22074;Méthanisation;Electricité;0.0;0.0;22;074
Le Haut-Corlay;22074;PAC (aérothermie et géothermie);Chaleur;680.0;952.0;22;074
Le Haut-Corlay;22074;Solaire PV;Electricité;1496.0;1479.0;22;074
Le Haut-Corlay;22074;Solaire thermique;Chaleur;11.0;20.0;22;074
Hémonstoir;22075;Bois énergie domestique;Chaleur;1367.0;1705.0;22;075
Hémonstoir;22075;Hydroélectricité;Electricité;0.0;0.0;22;075
Hémonstoir;22075;PAC (aérothermie et géothermie);Chaleur;586.0;820.0;22;075
Hémonstoir;22075;Solaire thermique;Chaleur;10.0;10.0;22;075
Hénanbihen;22076;Bois énergie chaufferies;Chaleur;669.0;250.0;22;076
Hénanbihen;22076;Bois énergie domestique;Chaleur;2797.0;3488.0;22;076
Hénanbihen;22076;Hydroélectricité;Electricité;0.0;0.0;22;076
Hénanbihen;22076;Méthanisation;Chaleur;6310.0;974.0;22;076
Hénanbihen;22076;Méthanisation;Electricité;3715.0;590.0;22;076
Hénanbihen;22076;PAC (aérothermie et géothermie);Chaleur;1369.0;1916.0;22;076
Hénanbihen;22076;Solaire PV;Electricité;64.0;485.0;22;076
Hénanbihen;22076;Solaire thermique;Chaleur;23.0;30.0;22;076
Hénansal;22077;Bois énergie domestique;Chaleur;2323.0;2897.0;22;077
Hénansal;22077;Éolien terrestre;Electricité;9223.0;4000.0;22;077
Hénansal;22077;Hydroélectricité;Electricité;0.0;0.0;22;077
Hénansal;22077;Méthanisation;Biométhane;0.0;0.0;22;077
Hénansal;22077;Méthanisation;Chaleur;726.0;90.0;22;077
Hénansal;22077;Méthanisation;Electricité;605.0;75.0;22;077
Hénansal;22077;PAC (aérothermie et géothermie);Chaleur;1087.0;1521.0;22;077
Hénansal;22077;Solaire PV;Electricité;288.0;385.0;22;077
Hénansal;22077;Solaire thermique;Chaleur;18.0;30.0;22;077
Hénon;22079;Bois énergie domestique;Chaleur;3719.0;4638.0;22;079
Hénon;22079;Hydroélectricité;Electricité;0.0;0.0;22;079
Hénon;22079;PAC (aérothermie et géothermie);Chaleur;1847.0;2585.0;22;079
Hénon;22079;Solaire PV;Electricité;160.0;195.0;22;079
Hénon;22079;Solaire thermique;Chaleur;31.0;40.0;22;079
Hillion;22081;Bois énergie chaufferies;Chaleur;92.0;75.0;22;081
Hillion;22081;Bois énergie domestique;Chaleur;6969.0;8692.0;22;081
Hillion;22081;Hydroélectricité;Electricité;0.0;0.0;22;081
Hillion;22081;PAC (aérothermie et géothermie);Chaleur;3328.0;4657.0;22;081
Hillion;22081;Solaire PV;Electricité;195.0;241.0;22;081
Hillion;22081;Solaire thermique;Chaleur;55.0;80.0;22;081
Le Hinglé;22082;Bois énergie domestique;Chaleur;1791.0;2234.0;22;082
Le Hinglé;22082;Hydroélectricité;Electricité;0.0;0.0;22;082
Le Hinglé;22082;PAC (aérothermie et géothermie);Chaleur;750.0;1050.0;22;082
Le Hinglé;22082;Solaire thermique;Chaleur;12.0;20.0;22;082
Illifaut;22083;Bois énergie chaufferies;Chaleur;123.0;90.0;22;083
Illifaut;22083;Bois énergie domestique;Chaleur;1451.0;1810.0;22;083
Illifaut;22083;Éolien terrestre;Electricité;11271.0;5980.0;22;083
Illifaut;22083;Hydroélectricité;Electricité;0.0;0.0;22;083
Illifaut;22083;Méthanisation;Chaleur;2237.0;275.0;22;083
Illifaut;22083;Méthanisation;Electricité;2034.0;250.0;22;083
Illifaut;22083;PAC (aérothermie et géothermie);Chaleur;696.0;974.0;22;083
Illifaut;22083;Solaire PV;Electricité;620.0;579.0;22;083
Illifaut;22083;Solaire thermique;Chaleur;12.0;20.0;22;083
Jugon-les-Lacs;22084;Bois énergie chaufferies;Chaleur;88.0;90.0;22;084
Jugon-les-Lacs;22084;Bois énergie domestique;Chaleur;4936.0;6156.0;22;084
Jugon-les-Lacs;22084;Hydroélectricité;Electricité;0.0;0.0;22;084
Jugon-les-Lacs;22084;Méthanisation;Chaleur;841.0;120.0;22;084
Jugon-les-Lacs;22084;PAC (aérothermie et géothermie);Chaleur;2434.0;3406.0;22;084
Jugon-les-Lacs;22084;Solaire PV;Electricité;57.0;120.0;22;084
Jugon-les-Lacs;22084;Solaire thermique;Chaleur;40.0;60.0;22;084
Kerbors;22085;Bois énergie domestique;Chaleur;824.0;1027.0;22;085
Kerbors;22085;Hydroélectricité;Electricité;0.0;0.0;22;085
Kerbors;22085;PAC (aérothermie et géothermie);Chaleur;540.0;756.0;22;085
Kerbors;22085;Solaire thermique;Chaleur;9.0;10.0;22;085
Kerfot;22086;Bois énergie domestique;Chaleur;1458.0;1818.0;22;086
Kerfot;22086;Hydroélectricité;Electricité;0.0;0.0;22;086
Kerfot;22086;PAC (aérothermie et géothermie);Chaleur;666.0;932.0;22;086
Kerfot;22086;Solaire thermique;Chaleur;11.0;20.0;22;086
Kergrist-Moëlou;22087;Bois énergie chaufferies;Chaleur;57.0;100.0;22;087
Kergrist-Moëlou;22087;Bois énergie domestique;Chaleur;1513.0;1887.0;22;087
Kergrist-Moëlou;22087;Éolien terrestre;Electricité;63827.0;31050.0;22;087
Kergrist-Moëlou;22087;Hydroélectricité;Electricité;0.0;0.0;22;087
Kergrist-Moëlou;22087;Méthanisation;Chaleur;2218.0;370.0;22;087
Kergrist-Moëlou;22087;Méthanisation;Electricité;2260.0;377.0;22;087
Kergrist-Moëlou;22087;PAC (aérothermie et géothermie);Chaleur;780.0;1092.0;22;087
Kergrist-Moëlou;22087;Solaire PV;Electricité;329.0;272.0;22;087
Kergrist-Moëlou;22087;Solaire thermique;Chaleur;13.0;20.0;22;087
Kerien;22088;Bois énergie domestique;Chaleur;574.0;716.0;22;088
Kerien;22088;Hydroélectricité;Electricité;0.0;0.0;22;088
Kerien;22088;PAC (aérothermie et géothermie);Chaleur;327.0;457.0;22;088
Kerien;22088;Solaire PV;Electricité;74.0;77.0;22;088
Kerien;22088;Solaire thermique;Chaleur;5.0;10.0;22;088
Kermaria-Sulard;22090;Bois énergie domestique;Chaleur;1944.0;2425.0;22;090
Kermaria-Sulard;22090;Fossile;Chaleur;19266.0;4951.0;22;090
Kermaria-Sulard;22090;Fossile;Electricité;17126.0;4401.0;22;090
Kermaria-Sulard;22090;Hydroélectricité;Electricité;0.0;0.0;22;090
Kermaria-Sulard;22090;PAC (aérothermie et géothermie);Chaleur;949.0;1328.0;22;090
Kermaria-Sulard;22090;Solaire PV;Electricité;19.0;38.0;22;090
Kermaria-Sulard;22090;Solaire thermique;Chaleur;16.0;20.0;22;090
Kermoroc'h;22091;Bois énergie domestique;Chaleur;822.0;1025.0;22;091
Kermoroc'h;22091;Hydroélectricité;Electricité;0.0;0.0;22;091
Kermoroc'h;22091;PAC (aérothermie et géothermie);Chaleur;362.0;507.0;22;091
Kermoroc'h;22091;Solaire thermique;Chaleur;6.0;10.0;22;091
Kerpert;22092;Bois énergie domestique;Chaleur;665.0;829.0;22;092
Kerpert;22092;Éolien terrestre;Electricité;1560.0;800.0;22;092
Kerpert;22092;Hydroélectricité;Electricité;0.0;0.0;22;092
Kerpert;22092;Méthanisation;Chaleur;2147.0;250.0;22;092
Kerpert;22092;Méthanisation;Electricité;2147.0;250.0;22;092
Kerpert;22092;PAC (aérothermie et géothermie);Chaleur;400.0;559.0;22;092
Kerpert;22092;Solaire PV;Electricité;303.0;412.0;22;092
Kerpert;22092;Solaire thermique;Chaleur;7.0;10.0;22;092
Lamballe-Armor;22093;Bois énergie chaufferies;Chaleur;1210.0;574.0;22;093
Lamballe-Armor;22093;Bois énergie domestique;Chaleur;25034.0;31223.0;22;093
Lamballe-Armor;22093;Éolien terrestre;Electricité;26869.0;13800.0;22;093
Lamballe-Armor;22093;Hydroélectricité;Electricité;166.0;410.0;22;093
Lamballe-Armor;22093;Méthanisation;Biométhane;48704.2;8163.0;22;093
Lamballe-Armor;22093;Méthanisation;Chaleur;1663.0;245.0;22;093
Lamballe-Armor;22093;Méthanisation;Electricité;1595.0;235.0;22;093
Lamballe-Armor;22093;PAC (aérothermie et géothermie);Chaleur;12496.0;17485.0;22;093
Lamballe-Armor;22093;Solaire PV;Electricité;871.0;1351.0;22;093
Lamballe-Armor;22093;Solaire thermique;Chaleur;207.0;290.0;22;093
Lamballe-Armor;22093;Uiom;Chaleur;0.0;0.0;22;093
Lamballe-Armor;22093;Uiom;Electricité;15752.0;1850.0;22;093
Lancieux;22094;Bois énergie domestique;Chaleur;3147.0;3925.0;22;094
Lancieux;22094;Hydroélectricité;Electricité;0.0;0.0;22;094
Lancieux;22094;PAC (aérothermie et géothermie);Chaleur;3367.0;4711.0;22;094
Lancieux;22094;Solaire PV;Electricité;43.0;74.0;22;094
Lancieux;22094;Solaire thermique;Chaleur;56.0;80.0;22;094
Landebaëron;22095;Bois énergie domestique;Chaleur;422.0;527.0;22;095
Landebaëron;22095;Hydroélectricité;Electricité;0.0;0.0;22;095
Landebaëron;22095;PAC (aérothermie et géothermie);Chaleur;213.0;298.0;22;095
Landebaëron;22095;Solaire thermique;Chaleur;4.0;0.0;22;095
Landébia;22096;Bois énergie domestique;Chaleur;972.0;1212.0;22;096
Landébia;22096;Hydroélectricité;Electricité;0.0;0.0;22;096
Landébia;22096;PAC (aérothermie et géothermie);Chaleur;452.0;633.0;22;096
Landébia;22096;Solaire thermique;Chaleur;8.0;10.0;22;096
La Landec;22097;Bois énergie domestique;Chaleur;1344.0;1676.0;22;097
La Landec;22097;Hydroélectricité;Electricité;0.0;0.0;22;097
La Landec;22097;PAC (aérothermie et géothermie);Chaleur;578.0;808.0;22;097
La Landec;22097;Solaire PV;Electricité;400.0;391.0;22;097
La Landec;22097;Solaire thermique;Chaleur;10.0;10.0;22;097
Landéhen;22098;Bois énergie domestique;Chaleur;2285.0;2850.0;22;098
Landéhen;22098;Hydroélectricité;Electricité;0.0;0.0;22;098
Landéhen;22098;PAC (aérothermie et géothermie);Chaleur;1047.0;1465.0;22;098
Landéhen;22098;Solaire PV;Electricité;366.0;400.0;22;098
Landéhen;22098;Solaire thermique;Chaleur;17.0;20.0;22;098
Lanfains;22099;Bois énergie domestique;Chaleur;1843.0;2299.0;22;099
Lanfains;22099;Éolien terrestre;Electricité;2907.0;12000.0;22;099
Lanfains;22099;Hydroélectricité;Electricité;0.0;0.0;22;099
Lanfains;22099;PAC (aérothermie et géothermie);Chaleur;879.0;1230.0;22;099
Lanfains;22099;Solaire PV;Electricité;75.0;79.0;22;099
Lanfains;22099;Solaire thermique;Chaleur;15.0;20.0;22;099
Langoat;22101;Bois énergie domestique;Chaleur;2091.0;2607.0;22;101
Langoat;22101;Hydroélectricité;Electricité;0.0;0.0;22;101
Langoat;22101;Méthanisation;Chaleur;0.0;0.0;22;101
Langoat;22101;PAC (aérothermie et géothermie);Chaleur;1122.0;1569.0;22;101
Langoat;22101;Solaire PV;Electricité;145.0;252.0;22;101
Langoat;22101;Solaire thermique;Chaleur;19.0;30.0;22;101
Langrolay-sur-Rance;22103;Bois énergie chaufferies;Chaleur;44.0;64.0;22;103
Langrolay-sur-Rance;22103;Bois énergie domestique;Chaleur;1831.0;2284.0;22;103
Langrolay-sur-Rance;22103;Hydroélectricité;Electricité;0.0;0.0;22;103
Langrolay-sur-Rance;22103;PAC (aérothermie et géothermie);Chaleur;952.0;1332.0;22;103
Langrolay-sur-Rance;22103;Solaire PV;Electricité;31.0;130.0;22;103
Langrolay-sur-Rance;22103;Solaire thermique;Chaleur;16.0;20.0;22;103
Languédias;22104;Bois énergie domestique;Chaleur;1114.0;1389.0;22;104
Languédias;22104;Hydroélectricité;Electricité;0.0;0.0;22;104
Languédias;22104;PAC (aérothermie et géothermie);Chaleur;546.0;763.0;22;104
Languédias;22104;Solaire thermique;Chaleur;9.0;10.0;22;104
Languenan;22105;Bois énergie domestique;Chaleur;2189.0;2730.0;22;105
Languenan;22105;Hydroélectricité;Electricité;0.0;0.0;22;105
Languenan;22105;PAC (aérothermie et géothermie);Chaleur;994.0;1391.0;22;105
Languenan;22105;Solaire PV;Electricité;52.0;58.0;22;105
Languenan;22105;Solaire thermique;Chaleur;17.0;20.0;22;105
Langueux;22106;Bois énergie domestique;Chaleur;9953.0;12413.0;22;106
Langueux;22106;Hydroélectricité;Electricité;0.0;0.0;22;106
Langueux;22106;PAC (aérothermie et géothermie);Chaleur;5628.0;7875.0;22;106
Langueux;22106;Solaire PV;Electricité;101.0;164.0;22;106
Langueux;22106;Solaire thermique;Chaleur;93.0;130.0;22;106
Bon Repos sur Blavet;22107;Bois énergie domestique;Chaleur;2984.0;3722.0;22;107
Bon Repos sur Blavet;22107;Hydroélectricité;Electricité;0.0;0.0;22;107
Bon Repos sur Blavet;22107;PAC (aérothermie et géothermie);Chaleur;1558.0;2179.0;22;107
Bon Repos sur Blavet;22107;Solaire PV;Electricité;49.0;75.0;22;107
Bon Repos sur Blavet;22107;Solaire thermique;Chaleur;26.0;40.0;22;107
Lanleff;22108;Bois énergie domestique;Chaleur;300.0;374.0;22;108
Lanleff;22108;Hydroélectricité;Electricité;0.0;0.0;22;108
Lanleff;22108;PAC (aérothermie et géothermie);Chaleur;132.0;184.0;22;108
Lanleff;22108;Solaire thermique;Chaleur;2.0;0.0;22;108
Lanloup;22109;Bois énergie domestique;Chaleur;607.0;757.0;22;109
Lanloup;22109;Hydroélectricité;Electricité;0.0;0.0;22;109
Lanloup;22109;PAC (aérothermie et géothermie);Chaleur;401.0;562.0;22;109
Lanloup;22109;Solaire PV;Electricité;119.0;154.0;22;109
Lanloup;22109;Solaire thermique;Chaleur;7.0;10.0;22;109
Lanmérin;22110;Bois énergie domestique;Chaleur;934.0;1165.0;22;110
Lanmérin;22110;Hydroélectricité;Electricité;0.0;0.0;22;110
Lanmérin;22110;PAC (aérothermie et géothermie);Chaleur;425.0;595.0;22;110
Lanmérin;22110;Solaire thermique;Chaleur;7.0;10.0;22;110
Lanmodez;22111;Bois énergie domestique;Chaleur;1023.0;1276.0;22;111
Lanmodez;22111;Hydroélectricité;Electricité;0.0;0.0;22;111
Lanmodez;22111;PAC (aérothermie et géothermie);Chaleur;630.0;881.0;22;111
Lanmodez;22111;Solaire PV;Electricité;117.0;85.0;22;111
Lanmodez;22111;Solaire thermique;Chaleur;10.0;10.0;22;111
Lannebert;22112;Bois énergie domestique;Chaleur;872.0;1088.0;22;112
Lannebert;22112;Hydroélectricité;Electricité;0.0;0.0;22;112
Lannebert;22112;PAC (aérothermie et géothermie);Chaleur;418.0;585.0;22;112
Lannebert;22112;Solaire PV;Electricité;79.0;75.0;22;112
Lannebert;22112;Solaire thermique;Chaleur;7.0;10.0;22;112
Lannion;22113;Bois énergie chaufferies;Chaleur;11572.0;4230.0;22;113
Lannion;22113;Bois énergie domestique;Chaleur;21842.0;27241.0;22;113
Lannion;22113;Hydroélectricité;Electricité;0.0;0.0;22;113
Lannion;22113;PAC (aérothermie et géothermie);Chaleur;12979.0;18162.0;22;113
Lannion;22113;Solaire PV;Electricité;3559.0;3410.0;22;113
Lannion;22113;Solaire thermique;Chaleur;215.0;300.0;22;113
Lanrelas;22114;Bois énergie domestique;Chaleur;1895.0;2364.0;22;114
Lanrelas;22114;Hydroélectricité;Electricité;0.0;0.0;22;114
Lanrelas;22114;Méthanisation;Chaleur;2253.0;255.0;22;114
Lanrelas;22114;Méthanisation;Electricité;2147.0;243.0;22;114
Lanrelas;22114;PAC (aérothermie et géothermie);Chaleur;935.0;1309.0;22;114
Lanrelas;22114;Solaire PV;Electricité;275.0;247.0;22;114
Lanrelas;22114;Solaire thermique;Chaleur;16.0;20.0;22;114
Lanrivain;22115;Bois énergie domestique;Chaleur;1106.0;1379.0;22;115
Lanrivain;22115;Éolien terrestre;Electricité;14191.0;8500.0;22;115
Lanrivain;22115;Hydroélectricité;Electricité;0.0;0.0;22;115
Lanrivain;22115;PAC (aérothermie et géothermie);Chaleur;621.0;868.0;22;115
Lanrivain;22115;Solaire PV;Electricité;93.0;85.0;22;115
Lanrivain;22115;Solaire thermique;Chaleur;10.0;10.0;22;115
Lanrodec;22116;Bois énergie domestique;Chaleur;2479.0;3092.0;22;116
Lanrodec;22116;Hydroélectricité;Electricité;0.0;0.0;22;116
Lanrodec;22116;PAC (aérothermie et géothermie);Chaleur;1031.0;1443.0;22;116
Lanrodec;22116;Solaire PV;Electricité;24.0;254.0;22;116
Lanrodec;22116;Solaire thermique;Chaleur;17.0;20.0;22;116
Lantic;22117;Bois énergie chaufferies;Chaleur;166.0;90.0;22;117
Lantic;22117;Bois énergie domestique;Chaleur;2969.0;3703.0;22;117
Lantic;22117;Hydroélectricité;Electricité;0.0;0.0;22;117
Lantic;22117;PAC (aérothermie et géothermie);Chaleur;1460.0;2043.0;22;117
Lantic;22117;Solaire PV;Electricité;288.0;320.0;22;117
Lantic;22117;Solaire thermique;Chaleur;24.0;30.0;22;117
Lanvallay;22118;Bois énergie domestique;Chaleur;5829.0;7270.0;22;118
Lanvallay;22118;Hydroélectricité;Electricité;0.0;0.0;22;118
Lanvallay;22118;PAC (aérothermie et géothermie);Chaleur;3466.0;4850.0;22;118
Lanvallay;22118;Solaire PV;Electricité;145.0;450.0;22;118
Lanvallay;22118;Solaire thermique;Chaleur;57.0;80.0;22;118
Lanvellec;22119;Bois énergie domestique;Chaleur;1290.0;1609.0;22;119
Lanvellec;22119;Hydroélectricité;Electricité;0.0;0.0;22;119
Lanvellec;22119;PAC (aérothermie et géothermie);Chaleur;784.0;1097.0;22;119
Lanvellec;22119;Solaire PV;Electricité;83.0;94.0;22;119
Lanvellec;22119;Solaire thermique;Chaleur;13.0;20.0;22;119
Lanvollon;22121;Bois énergie chaufferies;Chaleur;223.0;200.0;22;121
Lanvollon;22121;Bois énergie domestique;Chaleur;3249.0;4052.0;22;121
Lanvollon;22121;Hydroélectricité;Electricité;0.0;0.0;22;121
Lanvollon;22121;PAC (aérothermie et géothermie);Chaleur;1470.0;2057.0;22;121
Lanvollon;22121;Solaire PV;Electricité;78.0;103.0;22;121
Lanvollon;22121;Solaire thermique;Chaleur;24.0;30.0;22;121
Laurenan;22122;Bois énergie domestique;Chaleur;1618.0;2018.0;22;122
Laurenan;22122;Hydroélectricité;Electricité;0.0;0.0;22;122
Laurenan;22122;Méthanisation;Chaleur;491.0;70.0;22;122
Laurenan;22122;PAC (aérothermie et géothermie);Chaleur;869.0;1216.0;22;122
Laurenan;22122;Solaire PV;Electricité;163.0;325.0;22;122
Laurenan;22122;Solaire thermique;Chaleur;14.0;20.0;22;122
Lescouët-Gouarec;22124;Bois énergie domestique;Chaleur;485.0;605.0;22;124
Lescouët-Gouarec;22124;Hydroélectricité;Electricité;0.0;0.0;22;124
Lescouët-Gouarec;22124;PAC (aérothermie et géothermie);Chaleur;318.0;445.0;22;124
Lescouët-Gouarec;22124;Solaire thermique;Chaleur;5.0;10.0;22;124
Le Leslay;22126;Bois énergie domestique;Chaleur;268.0;334.0;22;126
Le Leslay;22126;Hydroélectricité;Electricité;0.0;0.0;22;126
Le Leslay;22126;PAC (aérothermie et géothermie);Chaleur;117.0;163.0;22;126
Le Leslay;22126;Solaire thermique;Chaleur;2.0;0.0;22;126
Lézardrieux;22127;Bois énergie domestique;Chaleur;3539.0;4414.0;22;127
Lézardrieux;22127;Fossile;Chaleur;14558.0;2936.0;22;127
Lézardrieux;22127;Fossile;Electricité;12940.0;2610.0;22;127
Lézardrieux;22127;Hydroélectricité;Electricité;0.0;0.0;22;127
Lézardrieux;22127;PAC (aérothermie et géothermie);Chaleur;2053.0;2873.0;22;127
Lézardrieux;22127;Solaire PV;Electricité;164.0;249.0;22;127
Lézardrieux;22127;Solaire thermique;Chaleur;34.0;50.0;22;127
Locarn;22128;Bois énergie domestique;Chaleur;1024.0;1277.0;22;128
Locarn;22128;Hydroélectricité;Electricité;0.0;0.0;22;128
Locarn;22128;Méthanisation;Chaleur;1365.0;218.0;22;128
Locarn;22128;Méthanisation;Electricité;1190.0;190.0;22;128
Locarn;22128;PAC (aérothermie et géothermie);Chaleur;721.0;1009.0;22;128
Locarn;22128;Solaire PV;Electricité;62.0;152.0;22;128
Locarn;22128;Solaire thermique;Chaleur;12.0;20.0;22;128
Loc-Envel;22129;Bois énergie domestique;Chaleur;214.0;267.0;22;129
Loc-Envel;22129;Hydroélectricité;Electricité;16.0;12.0;22;129
Loc-Envel;22129;PAC (aérothermie et géothermie);Chaleur;142.0;199.0;22;129
Loc-Envel;22129;Solaire thermique;Chaleur;2.0;0.0;22;129
Loguivy-Plougras;22131;Bois énergie chaufferies;Chaleur;355.0;400.0;22;131
Loguivy-Plougras;22131;Bois énergie domestique;Chaleur;1856.0;2314.0;22;131
Loguivy-Plougras;22131;Hydroélectricité;Electricité;0.0;0.0;22;131
Loguivy-Plougras;22131;PAC (aérothermie et géothermie);Chaleur;985.0;1378.0;22;131
Loguivy-Plougras;22131;Solaire PV;Electricité;87.0;103.0;22;131
Loguivy-Plougras;22131;Solaire thermique;Chaleur;16.0;20.0;22;131
Lohuec;22132;Bois énergie domestique;Chaleur;633.0;790.0;22;132
Lohuec;22132;Éolien terrestre;Electricité;7239.0;4250.0;22;132
Lohuec;22132;Hydroélectricité;Electricité;0.0;0.0;22;132
Lohuec;22132;PAC (aérothermie et géothermie);Chaleur;362.0;507.0;22;132
Lohuec;22132;Solaire PV;Electricité;258.0;253.0;22;132
Lohuec;22132;Solaire thermique;Chaleur;6.0;10.0;22;132
Loscouët-sur-Meu;22133;Bois énergie chaufferies;Chaleur;243.0;130.0;22;133
Loscouët-sur-Meu;22133;Bois énergie domestique;Chaleur;1209.0;1508.0;22;133
Loscouët-sur-Meu;22133;Hydroélectricité;Electricité;0.0;0.0;22;133
Loscouët-sur-Meu;22133;Méthanisation;Chaleur;491.0;70.0;22;133
Loscouët-sur-Meu;22133;PAC (aérothermie et géothermie);Chaleur;590.0;825.0;22;133
Loscouët-sur-Meu;22133;Solaire PV;Electricité;178.0;400.0;22;133
Loscouët-sur-Meu;22133;Solaire thermique;Chaleur;10.0;10.0;22;133
Louannec;22134;Bois énergie domestique;Chaleur;4977.0;6208.0;22;134
Louannec;22134;Hydroélectricité;Electricité;0.0;0.0;22;134
Louannec;22134;PAC (aérothermie et géothermie);Chaleur;3125.0;4373.0;22;134
Louannec;22134;Solaire PV;Electricité;85.0;158.0;22;134
Louannec;22134;Solaire thermique;Chaleur;52.0;70.0;22;134
Louargat;22135;Bois énergie domestique;Chaleur;4761.0;5938.0;22;135
Louargat;22135;Hydroélectricité;Electricité;0.0;0.0;22;135
Louargat;22135;PAC (aérothermie et géothermie);Chaleur;2210.0;3092.0;22;135
Louargat;22135;Solaire PV;Electricité;134.0;147.0;22;135
Louargat;22135;Solaire thermique;Chaleur;37.0;50.0;22;135
Loudéac;22136;Bois énergie chaufferies;Chaleur;7801.0;2705.0;22;136
Loudéac;22136;Bois énergie domestique;Chaleur;10379.0;12945.0;22;136
Loudéac;22136;Éolien terrestre;Electricité;31715.0;12000.0;22;136
Loudéac;22136;Fossile;Chaleur;0.0;0.0;22;136
Loudéac;22136;Fossile;Electricité;152.0;7424.0;22;136
Loudéac;22136;Hydroélectricité;Electricité;0.0;0.0;22;136
Loudéac;22136;Méthanisation;Biométhane;60597.8;9387.0;22;136
Loudéac;22136;PAC (aérothermie et géothermie);Chaleur;6299.0;8814.0;22;136
Loudéac;22136;Solaire PV;Electricité;6155.0;5382.0;22;136
Loudéac;22136;Solaire thermique;Chaleur;104.0;150.0;22;136
Maël-Carhaix;22137;Bois énergie chaufferies;Chaleur;313.0;1200.0;22;137
Maël-Carhaix;22137;Bois énergie domestique;Chaleur;3293.0;4107.0;22;137
Maël-Carhaix;22137;Hydroélectricité;Electricité;0.0;0.0;22;137
Maël-Carhaix;22137;PAC (aérothermie et géothermie);Chaleur;1717.0;2403.0;22;137
Maël-Carhaix;22137;Solaire PV;Electricité;49.0;68.0;22;137
Maël-Carhaix;22137;Solaire thermique;Chaleur;28.0;40.0;22;137
Maël-Pestivien;22138;Bois énergie domestique;Chaleur;985.0;1228.0;22;138
Maël-Pestivien;22138;Éolien terrestre;Electricité;11562.0;5600.0;22;138
Maël-Pestivien;22138;Hydroélectricité;Electricité;0.0;0.0;22;138
Maël-Pestivien;22138;PAC (aérothermie et géothermie);Chaleur;593.0;829.0;22;138
Maël-Pestivien;22138;Solaire PV;Electricité;116.0;133.0;22;138
Maël-Pestivien;22138;Solaire thermique;Chaleur;10.0;10.0;22;138
Magoar;22139;Bois énergie domestique;Chaleur;230.0;287.0;22;139
Magoar;22139;Éolien terrestre;Electricité;9359.0;4800.0;22;139
Magoar;22139;Hydroélectricité;Electricité;0.0;0.0;22;139
Magoar;22139;Méthanisation;Chaleur;3995.0;533.0;22;139
Magoar;22139;Méthanisation;Electricité;3223.0;430.0;22;139
Magoar;22139;PAC (aérothermie et géothermie);Chaleur;134.0;187.0;22;139
Magoar;22139;Solaire PV;Electricité;301.0;304.0;22;139
Magoar;22139;Solaire thermique;Chaleur;2.0;0.0;22;139
La Malhoure;22140;Bois énergie chaufferies;Chaleur;215.0;85.0;22;140
La Malhoure;22140;Bois énergie domestique;Chaleur;918.0;1145.0;22;140
La Malhoure;22140;Hydroélectricité;Electricité;0.0;0.0;22;140
La Malhoure;22140;PAC (aérothermie et géothermie);Chaleur;418.0;585.0;22;140
La Malhoure;22140;Solaire thermique;Chaleur;7.0;10.0;22;140
Mantallot;22141;Bois énergie domestique;Chaleur;420.0;524.0;22;141
Mantallot;22141;Hydroélectricité;Electricité;0.0;0.0;22;141
Mantallot;22141;PAC (aérothermie et géothermie);Chaleur;192.0;269.0;22;141
Mantallot;22141;Solaire thermique;Chaleur;3.0;0.0;22;141
Matignon;22143;Bois énergie domestique;Chaleur;3697.0;4611.0;22;143
Matignon;22143;Hydroélectricité;Electricité;0.0;0.0;22;143
Matignon;22143;PAC (aérothermie et géothermie);Chaleur;1856.0;2597.0;22;143
Matignon;22143;Solaire PV;Electricité;24.0;48.0;22;143
Matignon;22143;Solaire thermique;Chaleur;31.0;40.0;22;143
La Méaugon;22144;Bois énergie chaufferies;Chaleur;243.0;150.0;22;144
La Méaugon;22144;Bois énergie domestique;Chaleur;2216.0;2764.0;22;144
La Méaugon;22144;Hydroélectricité;Electricité;0.0;0.0;22;144
La Méaugon;22144;PAC (aérothermie et géothermie);Chaleur;1021.0;1428.0;22;144
La Méaugon;22144;Solaire PV;Electricité;170.0;171.0;22;144
La Méaugon;22144;Solaire thermique;Chaleur;17.0;20.0;22;144
Mégrit;22145;Bois énergie domestique;Chaleur;1698.0;2118.0;22;145
Mégrit;22145;Hydroélectricité;Electricité;0.0;0.0;22;145
Mégrit;22145;PAC (aérothermie et géothermie);Chaleur;811.0;1134.0;22;145
Mégrit;22145;Solaire PV;Electricité;32.0;39.0;22;145
Mégrit;22145;Solaire thermique;Chaleur;13.0;20.0;22;145
Mellionnec;22146;Bois énergie domestique;Chaleur;902.0;1126.0;22;146
Mellionnec;22146;Hydroélectricité;Electricité;0.0;0.0;22;146
Mellionnec;22146;PAC (aérothermie et géothermie);Chaleur;580.0;811.0;22;146
Mellionnec;22146;Solaire thermique;Chaleur;10.0;10.0;22;146
Merdrignac;22147;Bois énergie chaufferies;Chaleur;258.0;165.0;22;147
Merdrignac;22147;Bois énergie domestique;Chaleur;5207.0;6494.0;22;147
Merdrignac;22147;Éolien terrestre;Electricité;11271.0;5980.0;22;147
Merdrignac;22147;Hydroélectricité;Electricité;0.0;0.0;22;147
Merdrignac;22147;Méthanisation;Chaleur;170.0;33.0;22;147
Merdrignac;22147;Méthanisation;Electricité;170.0;33.0;22;147
Merdrignac;22147;PAC (aérothermie et géothermie);Chaleur;2405.0;3365.0;22;147
Merdrignac;22147;Solaire PV;Electricité;1211.0;1379.0;22;147
Merdrignac;22147;Solaire thermique;Chaleur;40.0;60.0;22;147
Mérillac;22148;Bois énergie domestique;Chaleur;569.0;710.0;22;148
Mérillac;22148;Hydroélectricité;Electricité;0.0;0.0;22;148
Mérillac;22148;Méthanisation;Chaleur;1563.0;240.0;22;148
Mérillac;22148;Méthanisation;Electricité;1530.0;235.0;22;148
Mérillac;22148;PAC (aérothermie et géothermie);Chaleur;326.0;457.0;22;148
Mérillac;22148;Solaire thermique;Chaleur;5.0;10.0;22;148
Merléac;22149;Bois énergie chaufferies;Chaleur;104.0;100.0;22;149
Merléac;22149;Bois énergie domestique;Chaleur;1019.0;1271.0;22;149
Merléac;22149;Hydroélectricité;Electricité;0.0;0.0;22;149
Merléac;22149;PAC (aérothermie et géothermie);Chaleur;583.0;815.0;22;149
Merléac;22149;Solaire thermique;Chaleur;10.0;10.0;22;149
Le Merzer;22150;Bois énergie domestique;Chaleur;1891.0;2358.0;22;150
Le Merzer;22150;Hydroélectricité;Electricité;0.0;0.0;22;150
Le Merzer;22150;PAC (aérothermie et géothermie);Chaleur;803.0;1123.0;22;150
Le Merzer;22150;Solaire thermique;Chaleur;13.0;20.0;22;150
Minihy-Tréguier;22152;Bois énergie domestique;Chaleur;2179.0;2717.0;22;152
Minihy-Tréguier;22152;Hydroélectricité;Electricité;0.0;0.0;22;152
Minihy-Tréguier;22152;PAC (aérothermie et géothermie);Chaleur;1068.0;1494.0;22;152
Minihy-Tréguier;22152;Solaire PV;Electricité;30.0;344.0;22;152
Minihy-Tréguier;22152;Solaire thermique;Chaleur;18.0;20.0;22;152
Moncontour;22153;Bois énergie domestique;Chaleur;874.0;1090.0;22;153
Moncontour;22153;Hydroélectricité;Electricité;0.0;0.0;22;153
Moncontour;22153;PAC (aérothermie et géothermie);Chaleur;558.0;781.0;22;153
Moncontour;22153;Solaire thermique;Chaleur;9.0;10.0;22;153
La Motte;22155;Bois énergie domestique;Chaleur;4127.0;5147.0;22;155
La Motte;22155;Hydroélectricité;Electricité;0.0;0.0;22;155
La Motte;22155;PAC (aérothermie et géothermie);Chaleur;1798.0;2516.0;22;155
La Motte;22155;Solaire PV;Electricité;40.0;69.0;22;155
La Motte;22155;Solaire thermique;Chaleur;30.0;40.0;22;155
Moustéru;22156;Bois énergie domestique;Chaleur;1349.0;1683.0;22;156
Moustéru;22156;Éolien terrestre;Electricité;21942.0;8000.0;22;156
Moustéru;22156;Hydroélectricité;Electricité;0.0;0.0;22;156
Moustéru;22156;PAC (aérothermie et géothermie);Chaleur;610.0;854.0;22;156
Moustéru;22156;Solaire thermique;Chaleur;10.0;10.0;22;156
Le Moustoir;22157;Bois énergie domestique;Chaleur;1384.0;1726.0;22;157
Le Moustoir;22157;Hydroélectricité;Electricité;0.0;0.0;22;157
Le Moustoir;22157;PAC (aérothermie et géothermie);Chaleur;633.0;885.0;22;157
Le Moustoir;22157;Solaire PV;Electricité;216.0;436.0;22;157
Le Moustoir;22157;Solaire thermique;Chaleur;11.0;10.0;22;157
Guerlédan;22158;Bois énergie chaufferies;Chaleur;200.0;150.0;22;158
Guerlédan;22158;Bois énergie domestique;Chaleur;5172.0;6451.0;22;158
Guerlédan;22158;Éolien terrestre;Electricité;11386.0;9200.0;22;158
Guerlédan;22158;Hydroélectricité;Electricité;30139.0;15000.0;22;158
Guerlédan;22158;PAC (aérothermie et géothermie);Chaleur;2631.0;3682.0;22;158
Guerlédan;22158;Solaire PV;Electricité;213.0;326.0;22;158
Guerlédan;22158;Solaire thermique;Chaleur;44.0;60.0;22;158
Noyal;22160;Bois énergie domestique;Chaleur;1765.0;2202.0;22;160
Noyal;22160;Hydroélectricité;Electricité;0.0;0.0;22;160
Noyal;22160;PAC (aérothermie et géothermie);Chaleur;712.0;997.0;22;160
Noyal;22160;Solaire PV;Electricité;39.0;60.0;22;160
Noyal;22160;Solaire thermique;Chaleur;12.0;20.0;22;160
Pabu;22161;Bois énergie domestique;Chaleur;3880.0;4840.0;22;161
Pabu;22161;Hydroélectricité;Electricité;0.0;0.0;22;161
Pabu;22161;PAC (aérothermie et géothermie);Chaleur;2309.0;3232.0;22;161
Pabu;22161;Solaire PV;Electricité;138.0;191.0;22;161
Pabu;22161;Solaire thermique;Chaleur;38.0;50.0;22;161
Paimpol;22162;Bois énergie domestique;Chaleur;9384.0;11704.0;22;162
Paimpol;22162;Fossile;Chaleur;16820.0;9902.0;22;162
Paimpol;22162;Fossile;Electricité;14951.0;8802.0;22;162
Paimpol;22162;Hydroélectricité;Electricité;0.0;0.0;22;162
Paimpol;22162;PAC (aérothermie et géothermie);Chaleur;6326.0;8852.0;22;162
Paimpol;22162;Solaire PV;Electricité;460.0;705.0;22;162
Paimpol;22162;Solaire thermique;Chaleur;105.0;150.0;22;162
Paule;22163;Bois énergie domestique;Chaleur;1587.0;1979.0;22;163
Paule;22163;Hydroélectricité;Electricité;0.0;0.0;22;163
Paule;22163;PAC (aérothermie et géothermie);Chaleur;807.0;1130.0;22;163
Paule;22163;Solaire PV;Electricité;74.0;92.0;22;163
Paule;22163;Solaire thermique;Chaleur;13.0;20.0;22;163
Pédernec;22164;Bois énergie chaufferies;Chaleur;533.0;200.0;22;164
Pédernec;22164;Bois énergie domestique;Chaleur;3725.0;4646.0;22;164
Pédernec;22164;Hydroélectricité;Electricité;0.0;0.0;22;164
Pédernec;22164;PAC (aérothermie et géothermie);Chaleur;1669.0;2335.0;22;164
Pédernec;22164;Solaire PV;Electricité;25.0;58.0;22;164
Pédernec;22164;Solaire thermique;Chaleur;28.0;40.0;22;164
Penguily;22165;Bois énergie domestique;Chaleur;1111.0;1386.0;22;165
Penguily;22165;Hydroélectricité;Electricité;0.0;0.0;22;165
Penguily;22165;Méthanisation;Chaleur;3494.0;504.0;22;165
Penguily;22165;Méthanisation;Electricité;3459.0;499.0;22;165
Penguily;22165;PAC (aérothermie et géothermie);Chaleur;470.0;657.0;22;165
Penguily;22165;Solaire PV;Electricité;26.0;27.0;22;165
Penguily;22165;Solaire thermique;Chaleur;8.0;10.0;22;165
Penvénan;22166;Bois énergie domestique;Chaleur;6149.0;7670.0;22;166
Penvénan;22166;Fossile;Chaleur;15296.0;3960.0;22;166
Penvénan;22166;Fossile;Electricité;13597.0;3520.0;22;166
Penvénan;22166;Hydroélectricité;Electricité;0.0;0.0;22;166
Penvénan;22166;PAC (aérothermie et géothermie);Chaleur;4137.0;5789.0;22;166
Penvénan;22166;Solaire PV;Electricité;411.0;479.0;22;166
Penvénan;22166;Solaire thermique;Chaleur;69.0;100.0;22;166
Perros-Guirec;22168;Bois énergie domestique;Chaleur;10487.0;13079.0;22;168
Perros-Guirec;22168;Fossile;Chaleur;16734.0;3776.0;22;168
Perros-Guirec;22168;Fossile;Electricité;14875.0;3356.0;22;168
Perros-Guirec;22168;Hydroélectricité;Electricité;0.0;0.0;22;168
Perros-Guirec;22168;PAC (aérothermie et géothermie);Chaleur;8929.0;12494.0;22;168
Perros-Guirec;22168;Solaire PV;Electricité;101.0;211.0;22;168
Perros-Guirec;22168;Solaire thermique;Chaleur;148.0;210.0;22;168
Peumerit-Quintin;22169;Bois énergie domestique;Chaleur;375.0;468.0;22;169
Peumerit-Quintin;22169;Hydroélectricité;Electricité;0.0;0.0;22;169
Peumerit-Quintin;22169;PAC (aérothermie et géothermie);Chaleur;210.0;294.0;22;169
Peumerit-Quintin;22169;Solaire thermique;Chaleur;4.0;0.0;22;169
Plaine-Haute;22170;Bois énergie domestique;Chaleur;2695.0;3361.0;22;170
Plaine-Haute;22170;Hydroélectricité;Electricité;0.0;0.0;22;170
Plaine-Haute;22170;Méthanisation;Biométhane;0.0;0.0;22;170
Plaine-Haute;22170;Méthanisation;Chaleur;491.0;70.0;22;170
Plaine-Haute;22170;PAC (aérothermie et géothermie);Chaleur;1255.0;1756.0;22;170
Plaine-Haute;22170;Solaire PV;Electricité;256.0;4227.0;22;170
Plaine-Haute;22170;Solaire thermique;Chaleur;21.0;30.0;22;170
Plaintel;22171;Bois énergie chaufferies;Chaleur;329.0;500.0;22;171
Plaintel;22171;Bois énergie domestique;Chaleur;7296.0;9099.0;22;171
Plaintel;22171;Hydroélectricité;Electricité;0.0;0.0;22;171
Plaintel;22171;Méthanisation;Biométhane;4295.4;510.0;22;171
Plaintel;22171;Méthanisation;Chaleur;1670.0;246.0;22;171
Plaintel;22171;Méthanisation;Electricité;1596.0;235.0;22;171
Plaintel;22171;PAC (aérothermie et géothermie);Chaleur;3364.0;4708.0;22;171
Plaintel;22171;Solaire PV;Electricité;117.0;158.0;22;171
Plaintel;22171;Solaire thermique;Chaleur;56.0;80.0;22;171
Plancoët;22172;Bois énergie domestique;Chaleur;4735.0;5906.0;22;172
Plancoët;22172;Hydroélectricité;Electricité;0.0;0.0;22;172
Plancoët;22172;PAC (aérothermie et géothermie);Chaleur;2119.0;2964.0;22;172
Plancoët;22172;Solaire PV;Electricité;17.0;32.0;22;172
Plancoët;22172;Solaire thermique;Chaleur;35.0;50.0;22;172
Pléboulle;22174;Bois énergie domestique;Chaleur;1879.0;2343.0;22;174
Pléboulle;22174;Hydroélectricité;Electricité;0.0;0.0;22;174
Pléboulle;22174;Méthanisation;Chaleur;841.0;120.0;22;174
Pléboulle;22174;PAC (aérothermie et géothermie);Chaleur;911.0;1275.0;22;174
Pléboulle;22174;Solaire PV;Electricité;25.0;74.0;22;174
Pléboulle;22174;Solaire thermique;Chaleur;15.0;20.0;22;174
Plédéliac;22175;Bois énergie chaufferies;Chaleur;32.0;80.0;22;175
Plédéliac;22175;Bois énergie domestique;Chaleur;3130.0;3904.0;22;175
Plédéliac;22175;Hydroélectricité;Electricité;0.0;0.0;22;175
Plédéliac;22175;PAC (aérothermie et géothermie);Chaleur;1480.0;2071.0;22;175
Plédéliac;22175;Solaire PV;Electricité;187.0;284.0;22;175
Plédéliac;22175;Solaire thermique;Chaleur;25.0;30.0;22;175
Plédran;22176;Bois énergie domestique;Chaleur;11244.0;14024.0;22;176
Plédran;22176;Hydroélectricité;Electricité;0.0;0.0;22;176
Plédran;22176;PAC (aérothermie et géothermie);Chaleur;5134.0;7184.0;22;176
Plédran;22176;Solaire PV;Electricité;118.0;155.0;22;176
Plédran;22176;Solaire thermique;Chaleur;85.0;120.0;22;176
Pléguien;22177;Bois énergie domestique;Chaleur;2439.0;3042.0;22;177
Pléguien;22177;Hydroélectricité;Electricité;0.0;0.0;22;177
Pléguien;22177;Méthanisation;Chaleur;797.0;170.0;22;177
Pléguien;22177;Méthanisation;Electricité;703.0;150.0;22;177
Pléguien;22177;PAC (aérothermie et géothermie);Chaleur;1295.0;1813.0;22;177
Pléguien;22177;Solaire PV;Electricité;54.0;96.0;22;177
Pléguien;22177;Solaire thermique;Chaleur;21.0;30.0;22;177
Pléhédel;22178;Bois énergie domestique;Chaleur;2634.0;3285.0;22;178
Pléhédel;22178;Fossile;Chaleur;9364.0;2183.0;22;178
Pléhédel;22178;Fossile;Electricité;8323.0;1940.0;22;178
Pléhédel;22178;Hydroélectricité;Electricité;0.0;0.0;22;178
Pléhédel;22178;Méthanisation;Biométhane;5614.4;663.0;22;178
Pléhédel;22178;PAC (aérothermie et géothermie);Chaleur;1293.0;1809.0;22;178
Pléhédel;22178;Solaire PV;Electricité;128.0;126.0;22;178
Pléhédel;22178;Solaire thermique;Chaleur;21.0;30.0;22;178
Fréhel;22179;Bois énergie domestique;Chaleur;3974.0;4957.0;22;179
Fréhel;22179;Hydroélectricité;Electricité;0.0;0.0;22;179
Fréhel;22179;PAC (aérothermie et géothermie);Chaleur;3020.0;4226.0;22;179
Fréhel;22179;Solaire PV;Electricité;58.0;79.0;22;179
Fréhel;22179;Solaire thermique;Chaleur;50.0;70.0;22;179
Plélan-le-Petit;22180;Bois énergie chaufferies;Chaleur;95.0;165.0;22;180
Plélan-le-Petit;22180;Bois énergie domestique;Chaleur;3728.0;4650.0;22;180
Plélan-le-Petit;22180;Hydroélectricité;Electricité;0.0;0.0;22;180
Plélan-le-Petit;22180;PAC (aérothermie et géothermie);Chaleur;1667.0;2333.0;22;180
Plélan-le-Petit;22180;Solaire PV;Electricité;727.0;630.0;22;180
Plélan-le-Petit;22180;Solaire thermique;Chaleur;28.0;40.0;22;180
Plélauff;22181;Bois énergie domestique;Chaleur;1510.0;1883.0;22;181
Plélauff;22181;Hydroélectricité;Electricité;0.0;0.0;22;181
Plélauff;22181;PAC (aérothermie et géothermie);Chaleur;873.0;1222.0;22;181
Plélauff;22181;Solaire thermique;Chaleur;15.0;20.0;22;181
Plélo;22182;Bois énergie chaufferies;Chaleur;441.0;305.0;22;182
Plélo;22182;Bois énergie domestique;Chaleur;5513.0;6876.0;22;182
Plélo;22182;Hydroélectricité;Electricité;24.0;18.0;22;182
Plélo;22182;Méthanisation;Chaleur;4666.0;658.0;22;182
Plélo;22182;Méthanisation;Electricité;7641.0;1020.0;22;182
Plélo;22182;PAC (aérothermie et géothermie);Chaleur;2680.0;3751.0;22;182
Plélo;22182;Solaire PV;Electricité;645.0;688.0;22;182
Plélo;22182;Solaire thermique;Chaleur;44.0;60.0;22;182
Plémet;22183;Bois énergie domestique;Chaleur;6882.0;8583.0;22;183
Plémet;22183;Éolien terrestre;Electricité;60298.0;20000.0;22;183
Plémet;22183;Hydroélectricité;Electricité;303.0;160.0;22;183
Plémet;22183;PAC (aérothermie et géothermie);Chaleur;3281.0;4591.0;22;183
Plémet;22183;Solaire PV;Electricité;1418.0;1325.0;22;183
Plémet;22183;Solaire thermique;Chaleur;54.0;80.0;22;183
Plémy;22184;Bois énergie domestique;Chaleur;3228.0;4026.0;22;184
Plémy;22184;Éolien terrestre;Electricité;12740.0;9300.0;22;184
Plémy;22184;Hydroélectricité;Electricité;0.0;0.0;22;184
Plémy;22184;PAC (aérothermie et géothermie);Chaleur;1448.0;2026.0;22;184
Plémy;22184;Solaire PV;Electricité;185.0;172.0;22;184
Plémy;22184;Solaire thermique;Chaleur;24.0;30.0;22;184
Plénée-Jugon;22185;Bois énergie chaufferies;Chaleur;330.0;290.0;22;185
Plénée-Jugon;22185;Bois énergie domestique;Chaleur;4661.0;5813.0;22;185
Plénée-Jugon;22185;Hydroélectricité;Electricité;0.0;0.0;22;185
Plénée-Jugon;22185;Méthanisation;Chaleur;1752.0;250.0;22;185
Plénée-Jugon;22185;PAC (aérothermie et géothermie);Chaleur;2169.0;3035.0;22;185
Plénée-Jugon;22185;Solaire PV;Electricité;244.0;272.0;22;185
Plénée-Jugon;22185;Solaire thermique;Chaleur;36.0;50.0;22;185
Pléneuf-Val-André;22186;Bois énergie domestique;Chaleur;8556.0;10671.0;22;186
Pléneuf-Val-André;22186;Hydroélectricité;Electricité;0.0;0.0;22;186
Pléneuf-Val-André;22186;PAC (aérothermie et géothermie);Chaleur;7005.0;9803.0;22;186
Pléneuf-Val-André;22186;Solaire PV;Electricité;84.0;170.0;22;186
Pléneuf-Val-André;22186;Solaire thermique;Chaleur;116.0;160.0;22;186
Plérin;22187;Bois énergie domestique;Chaleur;18511.0;23087.0;22;187
Plérin;22187;Fossile;Chaleur;910.0;518.0;22;187
Plérin;22187;Fossile;Electricité;809.0;460.0;22;187
Plérin;22187;Hydroélectricité;Electricité;0.0;0.0;22;187
Plérin;22187;PAC (aérothermie et géothermie);Chaleur;11011.0;15408.0;22;187
Plérin;22187;Solaire PV;Electricité;471.0;1290.0;22;187
Plérin;22187;Solaire thermique;Chaleur;182.0;260.0;22;187
Plerneuf;22188;Bois énergie domestique;Chaleur;1783.0;2224.0;22;188
Plerneuf;22188;Hydroélectricité;Electricité;0.0;0.0;22;188
Plerneuf;22188;PAC (aérothermie et géothermie);Chaleur;819.0;1146.0;22;188
Plerneuf;22188;Solaire thermique;Chaleur;14.0;20.0;22;188
Plésidy;22189;Bois énergie domestique;Chaleur;1249.0;1558.0;22;189
Plésidy;22189;Éolien terrestre;Electricité;29405.0;11000.0;22;189
Plésidy;22189;Hydroélectricité;Electricité;0.0;0.0;22;189
Plésidy;22189;PAC (aérothermie et géothermie);Chaleur;673.0;941.0;22;189
Plésidy;22189;Solaire thermique;Chaleur;11.0;20.0;22;189
Pleslin-Trigavou;22190;Bois énergie chaufferies;Chaleur;241.0;300.0;22;190
Pleslin-Trigavou;22190;Bois énergie domestique;Chaleur;7398.0;9227.0;22;190
Pleslin-Trigavou;22190;Hydroélectricité;Electricité;0.0;0.0;22;190
Pleslin-Trigavou;22190;PAC (aérothermie et géothermie);Chaleur;3322.0;4648.0;22;190
Pleslin-Trigavou;22190;Solaire PV;Electricité;97.0;130.0;22;190
Pleslin-Trigavou;22190;Solaire thermique;Chaleur;55.0;80.0;22;190
Plestan;22193;Bois énergie chaufferies;Chaleur;682.0;300.0;22;193
Plestan;22193;Bois énergie domestique;Chaleur;3313.0;4133.0;22;193
Plestan;22193;Éolien terrestre;Electricité;63134.0;30900.0;22;193
Plestan;22193;Hydroélectricité;Electricité;0.0;0.0;22;193
Plestan;22193;Méthanisation;Biométhane;0.0;0.0;22;193
Plestan;22193;Méthanisation;Chaleur;2105.0;454.0;22;193
Plestan;22193;Méthanisation;Electricité;1829.0;435.0;22;193
Plestan;22193;PAC (aérothermie et géothermie);Chaleur;1437.0;2011.0;22;193
Plestan;22193;Solaire PV;Electricité;199.0;520.0;22;193
Plestan;22193;Solaire thermique;Chaleur;24.0;30.0;22;193
Plestin-les-Grèves;22194;Bois énergie chaufferies;Chaleur;1558.0;760.0;22;194
Plestin-les-Grèves;22194;Bois énergie domestique;Chaleur;7505.0;9360.0;22;194
Plestin-les-Grèves;22194;Hydroélectricité;Electricité;0.0;0.0;22;194
Plestin-les-Grèves;22194;PAC (aérothermie et géothermie);Chaleur;4589.0;6421.0;22;194
Plestin-les-Grèves;22194;Solaire PV;Electricité;182.0;380.0;22;194
Plestin-les-Grèves;22194;Solaire thermique;Chaleur;76.0;110.0;22;194
Pleubian;22195;Bois énergie domestique;Chaleur;6349.0;7919.0;22;195
Pleubian;22195;Fossile;Chaleur;8961.0;2250.0;22;195
Pleubian;22195;Fossile;Electricité;7965.0;2000.0;22;195
Pleubian;22195;Hydroélectricité;Electricité;0.0;0.0;22;195
Pleubian;22195;PAC (aérothermie et géothermie);Chaleur;3613.0;5056.0;22;195
Pleubian;22195;Solaire PV;Electricité;39.0;49.0;22;195
Pleubian;22195;Solaire thermique;Chaleur;60.0;80.0;22;195
Pleudaniel;22196;Bois énergie domestique;Chaleur;2036.0;2540.0;22;196
Pleudaniel;22196;Hydroélectricité;Electricité;0.0;0.0;22;196
Pleudaniel;22196;PAC (aérothermie et géothermie);Chaleur;1069.0;1496.0;22;196
Pleudaniel;22196;Solaire thermique;Chaleur;18.0;20.0;22;196
Pleudihen-sur-Rance;22197;Bois énergie chaufferies;Chaleur;142.0;130.0;22;197
Pleudihen-sur-Rance;22197;Bois énergie domestique;Chaleur;5238.0;6533.0;22;197
Pleudihen-sur-Rance;22197;Hydroélectricité;Electricité;0.0;0.0;22;197
Pleudihen-sur-Rance;22197;Méthanisation;Biométhane;0.0;0.0;22;197
Pleudihen-sur-Rance;22197;PAC (aérothermie et géothermie);Chaleur;2794.0;3910.0;22;197
Pleudihen-sur-Rance;22197;Solaire PV;Electricité;214.0;445.0;22;197
Pleudihen-sur-Rance;22197;Solaire thermique;Chaleur;46.0;60.0;22;197
Pleumeur-Bodou;22198;Bois énergie domestique;Chaleur;8489.0;10588.0;22;198
Pleumeur-Bodou;22198;Hydroélectricité;Electricité;0.0;0.0;22;198
Pleumeur-Bodou;22198;PAC (aérothermie et géothermie);Chaleur;5252.0;7349.0;22;198
Pleumeur-Bodou;22198;Solaire PV;Electricité;114.0;170.0;22;198
Pleumeur-Bodou;22198;Solaire thermique;Chaleur;87.0;120.0;22;198
Pleumeur-Gautier;22199;Bois énergie domestique;Chaleur;2647.0;3301.0;22;199
Pleumeur-Gautier;22199;Fossile;Chaleur;19061.0;9766.0;22;199
Pleumeur-Gautier;22199;Fossile;Electricité;16943.0;8681.0;22;199
Pleumeur-Gautier;22199;Hydroélectricité;Electricité;0.0;0.0;22;199
Pleumeur-Gautier;22199;PAC (aérothermie et géothermie);Chaleur;1302.0;1822.0;22;199
Pleumeur-Gautier;22199;Solaire PV;Electricité;114.0;105.0;22;199
Pleumeur-Gautier;22199;Solaire thermique;Chaleur;22.0;30.0;22;199
Pléven;22200;Bois énergie domestique;Chaleur;1205.0;1503.0;22;200
Pléven;22200;Hydroélectricité;Electricité;0.0;0.0;22;200
Pléven;22200;PAC (aérothermie et géothermie);Chaleur;545.0;762.0;22;200
Pléven;22200;Solaire PV;Electricité;31.0;58.0;22;200
Pléven;22200;Solaire thermique;Chaleur;9.0;10.0;22;200
Plévenon;22201;Bois énergie domestique;Chaleur;2165.0;2700.0;22;201
Plévenon;22201;Hydroélectricité;Electricité;0.0;0.0;22;201
Plévenon;22201;PAC (aérothermie et géothermie);Chaleur;1380.0;1931.0;22;201
Plévenon;22201;Solaire PV;Electricité;49.0;63.0;22;201
Plévenon;22201;Solaire thermique;Chaleur;23.0;30.0;22;201
Plévin;22202;Bois énergie domestique;Chaleur;1695.0;2114.0;22;202
Plévin;22202;Hydroélectricité;Electricité;0.0;0.0;22;202
Plévin;22202;PAC (aérothermie et géothermie);Chaleur;858.0;1200.0;22;202
Plévin;22202;Solaire PV;Electricité;105.0;196.0;22;202
Plévin;22202;Solaire thermique;Chaleur;14.0;20.0;22;202
Plœuc-L'Hermitage;22203;Bois énergie chaufferies;Chaleur;79.0;40.0;22;203
Plœuc-L'Hermitage;22203;Bois énergie domestique;Chaleur;7003.0;8734.0;22;203
Plœuc-L'Hermitage;22203;Hydroélectricité;Electricité;0.0;0.0;22;203
Plœuc-L'Hermitage;22203;PAC (aérothermie et géothermie);Chaleur;3535.0;4946.0;22;203
Plœuc-L'Hermitage;22203;Solaire PV;Electricité;309.0;395.0;22;203
Plœuc-L'Hermitage;22203;Solaire thermique;Chaleur;59.0;80.0;22;203
Ploëzal;22204;Bois énergie domestique;Chaleur;2861.0;3568.0;22;204
Ploëzal;22204;Hydroélectricité;Electricité;0.0;0.0;22;204
Ploëzal;22204;PAC (aérothermie et géothermie);Chaleur;1353.0;1893.0;22;204
Ploëzal;22204;Solaire PV;Electricité;146.0;155.0;22;204
Ploëzal;22204;Solaire thermique;Chaleur;22.0;30.0;22;204
Plorec-sur-Arguenon;22205;Bois énergie domestique;Chaleur;969.0;1208.0;22;205
Plorec-sur-Arguenon;22205;Hydroélectricité;Electricité;0.0;0.0;22;205
Plorec-sur-Arguenon;22205;Méthanisation;Chaleur;338.0;44.0;22;205
Plorec-sur-Arguenon;22205;Méthanisation;Electricité;338.0;44.0;22;205
Plorec-sur-Arguenon;22205;PAC (aérothermie et géothermie);Chaleur;511.0;715.0;22;205
Plorec-sur-Arguenon;22205;Solaire PV;Electricité;270.0;242.0;22;205
Plorec-sur-Arguenon;22205;Solaire thermique;Chaleur;9.0;10.0;22;205
Châtelaudren-Plouagat;22206;Bois énergie domestique;Chaleur;6057.0;7554.0;22;206
Châtelaudren-Plouagat;22206;Éolien terrestre;Electricité;11015.0;4000.0;22;206
Châtelaudren-Plouagat;22206;Hydroélectricité;Electricité;121.0;45.0;22;206
Châtelaudren-Plouagat;22206;PAC (aérothermie et géothermie);Chaleur;2914.0;4078.0;22;206
Châtelaudren-Plouagat;22206;Solaire PV;Electricité;376.0;379.0;22;206
Châtelaudren-Plouagat;22206;Solaire thermique;Chaleur;48.0;70.0;22;206
Plouaret;22207;Bois énergie chaufferies;Chaleur;1454.0;820.0;22;207
Plouaret;22207;Bois énergie domestique;Chaleur;4175.0;5207.0;22;207
Plouaret;22207;Hydroélectricité;Electricité;0.0;0.0;22;207
Plouaret;22207;Méthanisation;Chaleur;6426.0;999.0;22;207
Plouaret;22207;Méthanisation;Electricité;6426.0;999.0;22;207
Plouaret;22207;PAC (aérothermie et géothermie);Chaleur;2206.0;3087.0;22;207
Plouaret;22207;Solaire PV;Electricité;165.0;196.0;22;207
Plouaret;22207;Solaire thermique;Chaleur;37.0;50.0;22;207
Plouasne;22208;Bois énergie domestique;Chaleur;3032.0;3782.0;22;208
Plouasne;22208;Hydroélectricité;Electricité;256.0;2500.0;22;208
Plouasne;22208;Méthanisation;Chaleur;3670.0;693.0;22;208
Plouasne;22208;Méthanisation;Electricité;1563.0;388.0;22;208
Plouasne;22208;PAC (aérothermie et géothermie);Chaleur;1568.0;2195.0;22;208
Plouasne;22208;Solaire PV;Electricité;864.0;861.0;22;208
Plouasne;22208;Solaire thermique;Chaleur;26.0;40.0;22;208
Beaussais-sur-Mer;22209;Bois énergie domestique;Chaleur;5344.0;6665.0;22;209
Beaussais-sur-Mer;22209;Hydroélectricité;Electricité;0.0;0.0;22;209
Beaussais-sur-Mer;22209;PAC (aérothermie et géothermie);Chaleur;3532.0;4942.0;22;209
Beaussais-sur-Mer;22209;Solaire PV;Electricité;419.0;541.0;22;209
Beaussais-sur-Mer;22209;Solaire thermique;Chaleur;59.0;80.0;22;209
Ploubazlanec;22210;Bois énergie chaufferies;Chaleur;21682.0;8500.0;22;210
Ploubazlanec;22210;Bois énergie domestique;Chaleur;7913.0;9869.0;22;210
Ploubazlanec;22210;Fossile;Chaleur;43421.0;15815.0;22;210
Ploubazlanec;22210;Fossile;Electricité;38597.0;14058.0;22;210
Ploubazlanec;22210;Hydroélectricité;Electricité;0.0;0.0;22;210
Ploubazlanec;22210;Hydrolien;Electricité;1.0;2500.0;22;210
Ploubazlanec;22210;PAC (aérothermie et géothermie);Chaleur;4517.0;6321.0;22;210
Ploubazlanec;22210;Solaire PV;Electricité;856.0;832.0;22;210
Ploubazlanec;22210;Solaire thermique;Chaleur;75.0;100.0;22;210
Ploubezre;22211;Bois énergie chaufferies;Chaleur;47.0;100.0;22;211
Ploubezre;22211;Bois énergie domestique;Chaleur;6642.0;8284.0;22;211
Ploubezre;22211;Hydroélectricité;Electricité;0.0;0.0;22;211
Ploubezre;22211;PAC (aérothermie et géothermie);Chaleur;3284.0;4595.0;22;211
Ploubezre;22211;Solaire PV;Electricité;283.0;287.0;22;211
Ploubezre;22211;Solaire thermique;Chaleur;54.0;80.0;22;211
Plouëc-du-Trieux;22212;Bois énergie domestique;Chaleur;2592.0;3233.0;22;212
Plouëc-du-Trieux;22212;Hydroélectricité;Electricité;0.0;0.0;22;212
Plouëc-du-Trieux;22212;PAC (aérothermie et géothermie);Chaleur;1203.0;1684.0;22;212
Plouëc-du-Trieux;22212;Solaire PV;Electricité;64.0;74.0;22;212
Plouëc-du-Trieux;22212;Solaire thermique;Chaleur;20.0;30.0;22;212
Plouër-sur-Rance;22213;Bois énergie domestique;Chaleur;6276.0;7828.0;22;213
Plouër-sur-Rance;22213;Hydroélectricité;Electricité;0.0;0.0;22;213
Plouër-sur-Rance;22213;PAC (aérothermie et géothermie);Chaleur;3326.0;4654.0;22;213
Plouër-sur-Rance;22213;Solaire PV;Electricité;147.0;185.0;22;213
Plouër-sur-Rance;22213;Solaire thermique;Chaleur;55.0;80.0;22;213
Plouézec;22214;Bois énergie domestique;Chaleur;8266.0;10310.0;22;214
Plouézec;22214;Hydroélectricité;Electricité;0.0;0.0;22;214
Plouézec;22214;PAC (aérothermie et géothermie);Chaleur;4603.0;6440.0;22;214
Plouézec;22214;Solaire PV;Electricité;344.0;373.0;22;214
Plouézec;22214;Solaire thermique;Chaleur;76.0;110.0;22;214
Ploufragan;22215;Bois énergie chaufferies;Chaleur;905.0;700.0;22;215
Ploufragan;22215;Bois énergie domestique;Chaleur;14239.0;17759.0;22;215
Ploufragan;22215;Hydroélectricité;Electricité;2184.0;1613.0;22;215
Ploufragan;22215;PAC (aérothermie et géothermie);Chaleur;8017.0;11218.0;22;215
Ploufragan;22215;Solaire PV;Electricité;1827.0;2296.0;22;215
Ploufragan;22215;Solaire thermique;Chaleur;133.0;190.0;22;215
Plougonver;22216;Bois énergie chaufferies;Chaleur;110.0;200.0;22;216
Plougonver;22216;Bois énergie domestique;Chaleur;1709.0;2131.0;22;216
Plougonver;22216;Hydroélectricité;Electricité;0.0;0.0;22;216
Plougonver;22216;PAC (aérothermie et géothermie);Chaleur;961.0;1344.0;22;216
Plougonver;22216;Solaire thermique;Chaleur;16.0;20.0;22;216
Plougras;22217;Bois énergie domestique;Chaleur;954.0;1190.0;22;217
Plougras;22217;Éolien terrestre;Electricité;5597.0;6000.0;22;217
Plougras;22217;Hydroélectricité;Electricité;0.0;0.0;22;217
Plougras;22217;PAC (aérothermie et géothermie);Chaleur;504.0;705.0;22;217
Plougras;22217;Solaire PV;Electricité;347.0;299.0;22;217
Plougras;22217;Solaire thermique;Chaleur;8.0;10.0;22;217
Plougrescant;22218;Bois énergie domestique;Chaleur;3549.0;4426.0;22;218
Plougrescant;22218;Hydroélectricité;Electricité;0.0;0.0;22;218
Plougrescant;22218;PAC (aérothermie et géothermie);Chaleur;2454.0;3433.0;22;218
Plougrescant;22218;Solaire PV;Electricité;16.0;47.0;22;218
Plougrescant;22218;Solaire thermique;Chaleur;41.0;60.0;22;218
Plouguenast-Langast;22219;Bois énergie chaufferies;Chaleur;508.0;200.0;22;219
Plouguenast-Langast;22219;Bois énergie domestique;Chaleur;5115.0;6379.0;22;219
Plouguenast-Langast;22219;Hydroélectricité;Electricité;0.0;0.0;22;219
Plouguenast-Langast;22219;PAC (aérothermie et géothermie);Chaleur;2421.0;3388.0;22;219
Plouguenast-Langast;22219;Solaire PV;Electricité;327.0;913.0;22;219
Plouguenast-Langast;22219;Solaire thermique;Chaleur;40.0;60.0;22;219
Plouguernével;22220;Bois énergie chaufferies;Chaleur;5393.0;1600.0;22;220
Plouguernével;22220;Bois énergie domestique;Chaleur;3425.0;4272.0;22;220
Plouguernével;22220;Éolien terrestre;Electricité;7012.0;4000.0;22;220
Plouguernével;22220;Hydroélectricité;Electricité;0.0;0.0;22;220
Plouguernével;22220;PAC (aérothermie et géothermie);Chaleur;1626.0;2275.0;22;220
Plouguernével;22220;Solaire PV;Electricité;288.0;408.0;22;220
Plouguernével;22220;Solaire thermique;Chaleur;27.0;40.0;22;220
Plouguiel;22221;Bois énergie domestique;Chaleur;3596.0;4485.0;22;221
Plouguiel;22221;Hydroélectricité;Electricité;0.0;0.0;22;221
Plouguiel;22221;PAC (aérothermie et géothermie);Chaleur;2078.0;2908.0;22;221
Plouguiel;22221;Solaire PV;Electricité;26.0;41.0;22;221
Plouguiel;22221;Solaire thermique;Chaleur;34.0;50.0;22;221
Plouha;22222;Bois énergie chaufferies;Chaleur;23348.0;4000.0;22;222
Plouha;22222;Bois énergie domestique;Chaleur;10495.0;13089.0;22;222
Plouha;22222;Fossile;Chaleur;6446.0;1755.0;22;222
Plouha;22222;Fossile;Electricité;5730.0;1560.0;22;222
Plouha;22222;Hydroélectricité;Electricité;0.0;0.0;22;222
Plouha;22222;PAC (aérothermie et géothermie);Chaleur;5886.0;8236.0;22;222
Plouha;22222;Solaire PV;Electricité;391.0;580.0;22;222
Plouha;22222;Solaire thermique;Chaleur;97.0;140.0;22;222
Plouisy;22223;Bois énergie domestique;Chaleur;4020.0;5014.0;22;223
Plouisy;22223;Éolien terrestre;Electricité;11205.0;6800.0;22;223
Plouisy;22223;Hydroélectricité;Electricité;0.0;0.0;22;223
Plouisy;22223;PAC (aérothermie et géothermie);Chaleur;1717.0;2403.0;22;223
Plouisy;22223;Solaire PV;Electricité;43.0;51.0;22;223
Plouisy;22223;Solaire thermique;Chaleur;28.0;40.0;22;223
Ploulec'h;22224;Bois énergie domestique;Chaleur;3047.0;3801.0;22;224
Ploulec'h;22224;Hydroélectricité;Electricité;0.0;0.0;22;224
Ploulec'h;22224;PAC (aérothermie et géothermie);Chaleur;1545.0;2162.0;22;224
Ploulec'h;22224;Solaire PV;Electricité;24.0;42.0;22;224
Ploulec'h;22224;Solaire thermique;Chaleur;26.0;40.0;22;224
Ploumagoar;22225;Bois énergie chaufferies;Chaleur;394.0;200.0;22;225
Ploumagoar;22225;Bois énergie domestique;Chaleur;7378.0;9202.0;22;225
Ploumagoar;22225;Éolien terrestre;Electricité;17269.0;6000.0;22;225
Ploumagoar;22225;Hydroélectricité;Electricité;39.0;30.0;22;225
Ploumagoar;22225;PAC (aérothermie et géothermie);Chaleur;4320.0;6045.0;22;225
Ploumagoar;22225;Solaire PV;Electricité;178.0;219.0;22;225
Ploumagoar;22225;Solaire thermique;Chaleur;72.0;100.0;22;225
Ploumilliau;22226;Bois énergie chaufferies;Chaleur;792.0;448.0;22;226
Ploumilliau;22226;Bois énergie domestique;Chaleur;4808.0;5997.0;22;226
Ploumilliau;22226;Hydroélectricité;Electricité;0.0;0.0;22;226
Ploumilliau;22226;PAC (aérothermie et géothermie);Chaleur;2576.0;3604.0;22;226
Ploumilliau;22226;Solaire PV;Electricité;38.0;64.0;22;226
Ploumilliau;22226;Solaire thermique;Chaleur;43.0;60.0;22;226
Plounérin;22227;Bois énergie domestique;Chaleur;1510.0;1883.0;22;227
Plounérin;22227;Fossile;Chaleur;0.0;0.0;22;227
Plounérin;22227;Fossile;Electricité;0.0;2800.0;22;227
Plounérin;22227;Hydroélectricité;Electricité;0.0;0.0;22;227
Plounérin;22227;PAC (aérothermie et géothermie);Chaleur;790.0;1105.0;22;227
Plounérin;22227;Solaire PV;Electricité;299.0;279.0;22;227
Plounérin;22227;Solaire thermique;Chaleur;13.0;20.0;22;227
Plounévez-Moëdec;22228;Bois énergie chaufferies;Chaleur;601.0;650.0;22;228
Plounévez-Moëdec;22228;Bois énergie domestique;Chaleur;3208.0;4001.0;22;228
Plounévez-Moëdec;22228;Hydroélectricité;Electricité;0.0;0.0;22;228
Plounévez-Moëdec;22228;PAC (aérothermie et géothermie);Chaleur;1633.0;2285.0;22;228
Plounévez-Moëdec;22228;Solaire PV;Electricité;2721.0;2307.0;22;228
Plounévez-Moëdec;22228;Solaire thermique;Chaleur;27.0;40.0;22;228
Plounévez-Quintin;22229;Bois énergie chaufferies;Chaleur;64.0;50.0;22;229
Plounévez-Quintin;22229;Bois énergie domestique;Chaleur;2383.0;2972.0;22;229
Plounévez-Quintin;22229;Éolien terrestre;Electricité;8216.0;4000.0;22;229
Plounévez-Quintin;22229;Hydroélectricité;Electricité;0.0;0.0;22;229
Plounévez-Quintin;22229;PAC (aérothermie et géothermie);Chaleur;1206.0;1687.0;22;229
Plounévez-Quintin;22229;Solaire PV;Electricité;390.0;393.0;22;229
Plounévez-Quintin;22229;Solaire thermique;Chaleur;20.0;30.0;22;229
Plourac'h;22231;Bois énergie domestique;Chaleur;917.0;1144.0;22;231
Plourac'h;22231;Hydroélectricité;Electricité;0.0;0.0;22;231
Plourac'h;22231;PAC (aérothermie et géothermie);Chaleur;541.0;756.0;22;231
Plourac'h;22231;Solaire PV;Electricité;47.0;48.0;22;231
Plourac'h;22231;Solaire thermique;Chaleur;9.0;10.0;22;231
Plourhan;22232;Bois énergie chaufferies;Chaleur;258.0;150.0;22;232
Plourhan;22232;Bois énergie domestique;Chaleur;3657.0;4561.0;22;232
Plourhan;22232;Hydroélectricité;Electricité;0.0;0.0;22;232
Plourhan;22232;PAC (aérothermie et géothermie);Chaleur;1949.0;2727.0;22;232
Plourhan;22232;Solaire PV;Electricité;48.0;86.0;22;232
Plourhan;22232;Solaire thermique;Chaleur;32.0;50.0;22;232
Plourivo;22233;Bois énergie domestique;Chaleur;4872.0;6076.0;22;233
Plourivo;22233;Fossile;Chaleur;10984.0;2250.0;22;233
Plourivo;22233;Fossile;Electricité;9764.0;2000.0;22;233
Plourivo;22233;Hydroélectricité;Electricité;0.0;0.0;22;233
Plourivo;22233;PAC (aérothermie et géothermie);Chaleur;2256.0;3156.0;22;233
Plourivo;22233;Solaire PV;Electricité;323.0;332.0;22;233
Plourivo;22233;Solaire thermique;Chaleur;37.0;50.0;22;233
Plouvara;22234;Bois énergie domestique;Chaleur;1920.0;2394.0;22;234
Plouvara;22234;Hydroélectricité;Electricité;0.0;0.0;22;234
Plouvara;22234;PAC (aérothermie et géothermie);Chaleur;920.0;1288.0;22;234
Plouvara;22234;Solaire PV;Electricité;29.0;197.0;22;234
Plouvara;22234;Solaire thermique;Chaleur;15.0;20.0;22;234
Plouzélambre;22235;Bois énergie domestique;Chaleur;467.0;583.0;22;235
Plouzélambre;22235;Hydroélectricité;Electricité;0.0;0.0;22;235
Plouzélambre;22235;PAC (aérothermie et géothermie);Chaleur;274.0;384.0;22;235
Plouzélambre;22235;Solaire thermique;Chaleur;5.0;10.0;22;235
Pludual;22236;Bois énergie domestique;Chaleur;1539.0;1920.0;22;236
Pludual;22236;Hydroélectricité;Electricité;0.0;0.0;22;236
Pludual;22236;PAC (aérothermie et géothermie);Chaleur;753.0;1053.0;22;236
Pludual;22236;Solaire PV;Electricité;21.0;30.0;22;236
Pludual;22236;Solaire thermique;Chaleur;13.0;20.0;22;236
Pluduno;22237;Bois énergie domestique;Chaleur;4430.0;5526.0;22;237
Pluduno;22237;Hydroélectricité;Electricité;0.0;0.0;22;237
Pluduno;22237;PAC (aérothermie et géothermie);Chaleur;1931.0;2702.0;22;237
Pluduno;22237;Solaire PV;Electricité;159.0;195.0;22;237
Pluduno;22237;Solaire thermique;Chaleur;32.0;40.0;22;237
Plufur;22238;Bois énergie domestique;Chaleur;1234.0;1539.0;22;238
Plufur;22238;Hydroélectricité;Electricité;0.0;0.0;22;238
Plufur;22238;PAC (aérothermie et géothermie);Chaleur;682.0;954.0;22;238
Plufur;22238;Solaire PV;Electricité;372.0;406.0;22;238
Plufur;22238;Solaire thermique;Chaleur;11.0;20.0;22;238
Plumaudan;22239;Bois énergie domestique;Chaleur;2594.0;3235.0;22;239
Plumaudan;22239;Hydroélectricité;Electricité;0.0;0.0;22;239
Plumaudan;22239;Méthanisation;Chaleur;5361.0;690.0;22;239
Plumaudan;22239;Méthanisation;Electricité;5207.0;670.0;22;239
Plumaudan;22239;PAC (aérothermie et géothermie);Chaleur;1147.0;1604.0;22;239
Plumaudan;22239;Solaire PV;Electricité;998.0;1010.0;22;239
Plumaudan;22239;Solaire thermique;Chaleur;19.0;30.0;22;239
Plumaugat;22240;Bois énergie chaufferies;Chaleur;51.0;40.0;22;240
Plumaugat;22240;Bois énergie domestique;Chaleur;2362.0;2946.0;22;240
Plumaugat;22240;Hydroélectricité;Electricité;0.0;0.0;22;240
Plumaugat;22240;PAC (aérothermie et géothermie);Chaleur;1183.0;1656.0;22;240
Plumaugat;22240;Solaire PV;Electricité;70.0;178.0;22;240
Plumaugat;22240;Solaire thermique;Chaleur;20.0;30.0;22;240
Plumieux;22241;Bois énergie domestique;Chaleur;2169.0;2706.0;22;241
Plumieux;22241;Éolien terrestre;Electricité;8629.0;4000.0;22;241
Plumieux;22241;Hydroélectricité;Electricité;0.0;0.0;22;241
Plumieux;22241;Méthanisation;Biométhane;2923.2;714.0;22;241
Plumieux;22241;PAC (aérothermie et géothermie);Chaleur;1072.0;1499.0;22;241
Plumieux;22241;Solaire PV;Electricité;223.0;385.0;22;241
Plumieux;22241;Solaire thermique;Chaleur;18.0;20.0;22;241
Plurien;22242;Bois énergie domestique;Chaleur;3755.0;4683.0;22;242
Plurien;22242;Hydroélectricité;Electricité;0.0;0.0;22;242
Plurien;22242;Méthanisation;Chaleur;1261.0;180.0;22;242
Plurien;22242;PAC (aérothermie et géothermie);Chaleur;2081.0;2912.0;22;242
Plurien;22242;Solaire PV;Electricité;75.0;179.0;22;242
Plurien;22242;Solaire thermique;Chaleur;34.0;50.0;22;242
Plusquellec;22243;Bois énergie domestique;Chaleur;1232.0;1537.0;22;243
Plusquellec;22243;Hydroélectricité;Electricité;0.0;0.0;22;243
Plusquellec;22243;PAC (aérothermie et géothermie);Chaleur;650.0;909.0;22;243
Plusquellec;22243;Solaire PV;Electricité;517.0;538.0;22;243
Plusquellec;22243;Solaire thermique;Chaleur;11.0;20.0;22;243
Plussulien;22244;Bois énergie chaufferies;Chaleur;319.0;555.0;22;244
Plussulien;22244;Bois énergie domestique;Chaleur;1194.0;1489.0;22;244
Plussulien;22244;Hydroélectricité;Electricité;0.0;0.0;22;244
Plussulien;22244;PAC (aérothermie et géothermie);Chaleur;629.0;881.0;22;244
Plussulien;22244;Solaire PV;Electricité;525.0;630.0;22;244
Plussulien;22244;Solaire thermique;Chaleur;10.0;10.0;22;244
Pluzunet;22245;Bois énergie domestique;Chaleur;1938.0;2417.0;22;245
Pluzunet;22245;Éolien terrestre;Electricité;12119.0;6000.0;22;245
Pluzunet;22245;Hydroélectricité;Electricité;0.0;0.0;22;245
Pluzunet;22245;PAC (aérothermie et géothermie);Chaleur;1010.0;1413.0;22;245
Pluzunet;22245;Solaire thermique;Chaleur;17.0;20.0;22;245
Pluzunet;22245;Uiom;Chaleur;19236.0;17910.0;22;245
Pluzunet;22245;Uiom;Electricité;19397.0;3600.0;22;245
Pommeret;22246;Bois énergie domestique;Chaleur;2787.0;3476.0;22;246
Pommeret;22246;Hydroélectricité;Electricité;0.0;0.0;22;246
Pommeret;22246;PAC (aérothermie et géothermie);Chaleur;1554.0;2174.0;22;246
Pommeret;22246;Solaire PV;Electricité;65.0;92.0;22;246
Pommeret;22246;Solaire thermique;Chaleur;26.0;40.0;22;246
Pommerit-le-Vicomte;22248;Bois énergie chaufferies;Chaleur;86.0;70.0;22;248
Pommerit-le-Vicomte;22248;Bois énergie domestique;Chaleur;3650.0;4552.0;22;248
Pommerit-le-Vicomte;22248;Hydroélectricité;Electricité;0.0;0.0;22;248
Pommerit-le-Vicomte;22248;Méthanisation;Chaleur;3199.0;475.0;22;248
Pommerit-le-Vicomte;22248;Méthanisation;Electricité;2928.0;425.0;22;248
Pommerit-le-Vicomte;22248;PAC (aérothermie et géothermie);Chaleur;1689.0;2363.0;22;248
Pommerit-le-Vicomte;22248;Solaire PV;Electricité;216.0;252.0;22;248
Pommerit-le-Vicomte;22248;Solaire thermique;Chaleur;28.0;40.0;22;248
Pont-Melvez;22249;Bois énergie domestique;Chaleur;1438.0;1794.0;22;249
Pont-Melvez;22249;Éolien terrestre;Electricité;54735.0;32100.0;22;249
Pont-Melvez;22249;Hydroélectricité;Electricité;0.0;0.0;22;249
Pont-Melvez;22249;PAC (aérothermie et géothermie);Chaleur;745.0;1043.0;22;249
Pont-Melvez;22249;Solaire thermique;Chaleur;12.0;20.0;22;249
Pontrieux;22250;Bois énergie domestique;Chaleur;1796.0;2240.0;22;250
Pontrieux;22250;Hydroélectricité;Electricité;0.0;0.0;22;250
Pontrieux;22250;PAC (aérothermie et géothermie);Chaleur;928.0;1298.0;22;250
Pontrieux;22250;Solaire thermique;Chaleur;15.0;20.0;22;250
Pordic;22251;Bois énergie domestique;Chaleur;12330.0;15378.0;22;251
Pordic;22251;Hydroélectricité;Electricité;0.0;0.0;22;251
Pordic;22251;Méthanisation;Chaleur;841.0;120.0;22;251
Pordic;22251;PAC (aérothermie et géothermie);Chaleur;5910.0;8270.0;22;251
Pordic;22251;Solaire PV;Electricité;376.0;445.0;22;251
Pordic;22251;Solaire thermique;Chaleur;98.0;140.0;22;251
Prat;22254;Bois énergie chaufferies;Chaleur;174.0;120.0;22;254
Prat;22254;Bois énergie domestique;Chaleur;2145.0;2675.0;22;254
Prat;22254;Hydroélectricité;Electricité;0.0;0.0;22;254
Prat;22254;PAC (aérothermie et géothermie);Chaleur;1075.0;1504.0;22;254
Prat;22254;Solaire PV;Electricité;90.0;110.0;22;254
Prat;22254;Solaire thermique;Chaleur;18.0;20.0;22;254
La Prénessaye;22255;Bois énergie domestique;Chaleur;1785.0;2226.0;22;255
La Prénessaye;22255;Éolien terrestre;Electricité;13431.0;8000.0;22;255
La Prénessaye;22255;Hydroélectricité;Electricité;0.0;0.0;22;255
La Prénessaye;22255;PAC (aérothermie et géothermie);Chaleur;874.0;1223.0;22;255
La Prénessaye;22255;Solaire PV;Electricité;458.0;482.0;22;255
La Prénessaye;22255;Solaire thermique;Chaleur;15.0;20.0;22;255
Quemper-Guézennec;22256;Bois énergie chaufferies;Chaleur;145.0;100.0;22;256
Quemper-Guézennec;22256;Bois énergie domestique;Chaleur;2562.0;3196.0;22;256
Quemper-Guézennec;22256;Hydroélectricité;Electricité;0.0;0.0;22;256
Quemper-Guézennec;22256;Méthanisation;Chaleur;841.0;120.0;22;256
Quemper-Guézennec;22256;PAC (aérothermie et géothermie);Chaleur;1253.0;1753.0;22;256
Quemper-Guézennec;22256;Solaire PV;Electricité;85.0;128.0;22;256
Quemper-Guézennec;22256;Solaire thermique;Chaleur;21.0;30.0;22;256
Quemperven;22257;Bois énergie domestique;Chaleur;697.0;869.0;22;257
Quemperven;22257;Hydroélectricité;Electricité;0.0;0.0;22;257
Quemperven;22257;PAC (aérothermie et géothermie);Chaleur;360.0;504.0;22;257
Quemperven;22257;Solaire PV;Electricité;176.0;164.0;22;257
Quemperven;22257;Solaire thermique;Chaleur;6.0;10.0;22;257
Quessoy;22258;Bois énergie domestique;Chaleur;6462.0;8059.0;22;258
Quessoy;22258;Hydroélectricité;Electricité;0.0;0.0;22;258
Quessoy;22258;PAC (aérothermie et géothermie);Chaleur;3102.0;4341.0;22;258
Quessoy;22258;Solaire PV;Electricité;265.0;385.0;22;258
Quessoy;22258;Solaire thermique;Chaleur;51.0;70.0;22;258
Quévert;22259;Bois énergie domestique;Chaleur;5671.0;7073.0;22;259
Quévert;22259;Hydroélectricité;Electricité;0.0;0.0;22;259
Quévert;22259;PAC (aérothermie et géothermie);Chaleur;3212.0;4495.0;22;259
Quévert;22259;Solaire PV;Electricité;248.0;291.0;22;259
Quévert;22259;Solaire thermique;Chaleur;53.0;70.0;22;259
Le Quillio;22260;Bois énergie domestique;Chaleur;1062.0;1325.0;22;260
Le Quillio;22260;Hydroélectricité;Electricité;0.0;0.0;22;260
Le Quillio;22260;Méthanisation;Chaleur;1518.0;180.0;22;260
Le Quillio;22260;Méthanisation;Electricité;1349.0;160.0;22;260
Le Quillio;22260;PAC (aérothermie et géothermie);Chaleur;514.0;719.0;22;260
Le Quillio;22260;Solaire PV;Electricité;260.0;273.0;22;260
Le Quillio;22260;Solaire thermique;Chaleur;9.0;10.0;22;260
Quintenic;22261;Bois énergie domestique;Chaleur;615.0;767.0;22;261
Quintenic;22261;Hydroélectricité;Electricité;0.0;0.0;22;261
Quintenic;22261;PAC (aérothermie et géothermie);Chaleur;285.0;399.0;22;261
Quintenic;22261;Solaire PV;Electricité;56.0;63.0;22;261
Quintenic;22261;Solaire thermique;Chaleur;5.0;10.0;22;261
Quintin;22262;Bois énergie domestique;Chaleur;3829.0;4775.0;22;262
Quintin;22262;Hydroélectricité;Electricité;0.0;0.0;22;262
Quintin;22262;PAC (aérothermie et géothermie);Chaleur;1847.0;2584.0;22;262
Quintin;22262;Solaire PV;Electricité;44.0;67.0;22;262
Quintin;22262;Solaire thermique;Chaleur;31.0;40.0;22;262
Le Quiou;22263;Bois énergie domestique;Chaleur;680.0;848.0;22;263
Le Quiou;22263;Hydroélectricité;Electricité;0.0;0.0;22;263
Le Quiou;22263;PAC (aérothermie et géothermie);Chaleur;315.0;441.0;22;263
Le Quiou;22263;Solaire thermique;Chaleur;5.0;10.0;22;263
La Roche-Jaudy;22264;Bois énergie chaufferies;Chaleur;789.0;320.0;22;264
La Roche-Jaudy;22264;Bois énergie domestique;Chaleur;5372.0;6700.0;22;264
La Roche-Jaudy;22264;Hydroélectricité;Electricité;0.0;0.0;22;264
La Roche-Jaudy;22264;PAC (aérothermie et géothermie);Chaleur;2600.0;3638.0;22;264
La Roche-Jaudy;22264;Solaire PV;Electricité;57.0;175.0;22;264
La Roche-Jaudy;22264;Solaire thermique;Chaleur;43.0;60.0;22;264
Rospez;22265;Bois énergie domestique;Chaleur;3211.0;4005.0;22;265
Rospez;22265;Hydroélectricité;Electricité;0.0;0.0;22;265
Rospez;22265;PAC (aérothermie et géothermie);Chaleur;1476.0;2065.0;22;265
Rospez;22265;Solaire PV;Electricité;181.0;331.0;22;265
Rospez;22265;Solaire thermique;Chaleur;24.0;30.0;22;265
Rostrenen;22266;Bois énergie chaufferies;Chaleur;14888.0;4320.0;22;266
Rostrenen;22266;Bois énergie domestique;Chaleur;6153.0;7674.0;22;266
Rostrenen;22266;Hydroélectricité;Electricité;0.0;0.0;22;266
Rostrenen;22266;PAC (aérothermie et géothermie);Chaleur;3119.0;4364.0;22;266
Rostrenen;22266;Solaire PV;Electricité;127.0;281.0;22;266
Rostrenen;22266;Solaire thermique;Chaleur;52.0;70.0;22;266
Rouillac;22267;Bois énergie domestique;Chaleur;861.0;1074.0;22;267
Rouillac;22267;Hydroélectricité;Electricité;0.0;0.0;22;267
Rouillac;22267;PAC (aérothermie et géothermie);Chaleur;438.0;613.0;22;267
Rouillac;22267;Solaire thermique;Chaleur;7.0;10.0;22;267
Ruca;22268;Bois énergie domestique;Chaleur;1360.0;1696.0;22;268
Ruca;22268;Hydroélectricité;Electricité;0.0;0.0;22;268
Ruca;22268;Méthanisation;Chaleur;841.0;120.0;22;268
Ruca;22268;PAC (aérothermie et géothermie);Chaleur;725.0;1015.0;22;268
Ruca;22268;Solaire PV;Electricité;4821.0;3820.0;22;268
Ruca;22268;Solaire thermique;Chaleur;12.0;20.0;22;268
Runan;22269;Bois énergie domestique;Chaleur;561.0;699.0;22;269
Runan;22269;Hydroélectricité;Electricité;0.0;0.0;22;269
Runan;22269;PAC (aérothermie et géothermie);Chaleur;286.0;400.0;22;269
Runan;22269;Solaire thermique;Chaleur;5.0;10.0;22;269
Saint-Adrien;22271;Bois énergie domestique;Chaleur;774.0;965.0;22;271
Saint-Adrien;22271;Hydroélectricité;Electricité;0.0;0.0;22;271
Saint-Adrien;22271;PAC (aérothermie et géothermie);Chaleur;345.0;483.0;22;271
Saint-Adrien;22271;Solaire thermique;Chaleur;6.0;10.0;22;271
Saint-Agathon;22272;Bois énergie domestique;Chaleur;4068.0;5073.0;22;272
Saint-Agathon;22272;Hydroélectricité;Electricité;0.0;0.0;22;272
Saint-Agathon;22272;PAC (aérothermie et géothermie);Chaleur;1701.0;2380.0;22;272
Saint-Agathon;22272;Solaire PV;Electricité;263.0;343.0;22;272
Saint-Agathon;22272;Solaire thermique;Chaleur;28.0;40.0;22;272
Saint-Alban;22273;Bois énergie chaufferies;Chaleur;229.0;170.0;22;273
Saint-Alban;22273;Bois énergie domestique;Chaleur;4492.0;5602.0;22;273
Saint-Alban;22273;Éolien terrestre;Electricité;13835.0;6000.0;22;273
Saint-Alban;22273;Hydroélectricité;Electricité;0.0;0.0;22;273
Saint-Alban;22273;PAC (aérothermie et géothermie);Chaleur;2083.0;2915.0;22;273
Saint-Alban;22273;Solaire PV;Electricité;79.0;87.0;22;273
Saint-Alban;22273;Solaire thermique;Chaleur;35.0;50.0;22;273
Saint-André-des-Eaux;22274;Bois énergie domestique;Chaleur;698.0;871.0;22;274
Saint-André-des-Eaux;22274;Hydroélectricité;Electricité;0.0;0.0;22;274
Saint-André-des-Eaux;22274;Méthanisation;Chaleur;396.0;70.0;22;274
Saint-André-des-Eaux;22274;Méthanisation;Electricité;249.0;44.0;22;274
Saint-André-des-Eaux;22274;PAC (aérothermie et géothermie);Chaleur;302.0;422.0;22;274
Saint-André-des-Eaux;22274;Solaire thermique;Chaleur;5.0;10.0;22;274
Saint-Barnabé;22275;Bois énergie domestique;Chaleur;2561.0;3194.0;22;275
Saint-Barnabé;22275;Éolien terrestre;Electricité;28628.0;14000.0;22;275
Saint-Barnabé;22275;Hydroélectricité;Electricité;0.0;0.0;22;275
Saint-Barnabé;22275;PAC (aérothermie et géothermie);Chaleur;1062.0;1486.0;22;275
Saint-Barnabé;22275;Solaire PV;Electricité;101.0;149.0;22;275
Saint-Barnabé;22275;Solaire thermique;Chaleur;18.0;20.0;22;275
Saint-Bihy;22276;Bois énergie domestique;Chaleur;458.0;571.0;22;276
Saint-Bihy;22276;Éolien terrestre;Electricité;7422.0;3200.0;22;276
Saint-Bihy;22276;Hydroélectricité;Electricité;0.0;0.0;22;276
Saint-Bihy;22276;PAC (aérothermie et géothermie);Chaleur;210.0;293.0;22;276
Saint-Bihy;22276;Solaire PV;Electricité;89.0;80.0;22;276
Saint-Bihy;22276;Solaire thermique;Chaleur;4.0;0.0;22;276
Saint-Brandan;22277;Bois énergie chaufferies;Chaleur;344.0;250.0;22;277
Saint-Brandan;22277;Bois énergie domestique;Chaleur;4111.0;5127.0;22;277
Saint-Brandan;22277;Hydroélectricité;Electricité;0.0;0.0;22;277
Saint-Brandan;22277;Méthanisation;Chaleur;1634.0;217.0;22;277
Saint-Brandan;22277;Méthanisation;Electricité;1732.0;230.0;22;277
Saint-Brandan;22277;PAC (aérothermie et géothermie);Chaleur;2017.0;2822.0;22;277
Saint-Brandan;22277;Solaire PV;Electricité;74.0;101.0;22;277
Saint-Brandan;22277;Solaire thermique;Chaleur;33.0;50.0;22;277
Saint-Brieuc;22278;Bois énergie chaufferies;Chaleur;5805.0;2645.0;22;278
Saint-Brieuc;22278;Bois énergie domestique;Chaleur;31257.0;38984.0;22;278
Saint-Brieuc;22278;Fossile;Chaleur;0.0;2250.0;22;278
Saint-Brieuc;22278;Fossile;Electricité;0.0;2000.0;22;278
Saint-Brieuc;22278;Hydroélectricité;Electricité;0.0;0.0;22;278
Saint-Brieuc;22278;Méthanisation;Chaleur;2817.0;402.0;22;278
Saint-Brieuc;22278;PAC (aérothermie et géothermie);Chaleur;19427.0;27184.0;22;278
Saint-Brieuc;22278;Solaire PV;Electricité;460.0;765.0;22;278
Saint-Brieuc;22278;Solaire thermique;Chaleur;322.0;450.0;22;278
Saint-Caradec;22279;Bois énergie domestique;Chaleur;2252.0;2809.0;22;279
Saint-Caradec;22279;Éolien terrestre;Electricité;12859.0;7500.0;22;279
Saint-Caradec;22279;Hydroélectricité;Electricité;0.0;0.0;22;279
Saint-Caradec;22279;PAC (aérothermie et géothermie);Chaleur;971.0;1358.0;22;279
Saint-Caradec;22279;Solaire thermique;Chaleur;16.0;20.0;22;279
Saint-Carné;22280;Bois énergie domestique;Chaleur;2144.0;2675.0;22;280
Saint-Carné;22280;Hydroélectricité;Electricité;0.0;0.0;22;280
Saint-Carné;22280;PAC (aérothermie et géothermie);Chaleur;915.0;1280.0;22;280
Saint-Carné;22280;Solaire PV;Electricité;71.0;79.0;22;280
Saint-Carné;22280;Solaire thermique;Chaleur;15.0;20.0;22;280
Saint-Carreuc;22281;Bois énergie domestique;Chaleur;2577.0;3214.0;22;281
Saint-Carreuc;22281;Hydroélectricité;Electricité;0.0;0.0;22;281
Saint-Carreuc;22281;PAC (aérothermie et géothermie);Chaleur;1228.0;1719.0;22;281
Saint-Carreuc;22281;Solaire PV;Electricité;103.0;117.0;22;281
Saint-Carreuc;22281;Solaire thermique;Chaleur;20.0;30.0;22;281
Saint-Cast-le-Guildo;22282;Bois énergie domestique;Chaleur;8254.0;10295.0;22;282
Saint-Cast-le-Guildo;22282;Hydroélectricité;Electricité;0.0;0.0;22;282
Saint-Cast-le-Guildo;22282;PAC (aérothermie et géothermie);Chaleur;6948.0;9722.0;22;282
Saint-Cast-le-Guildo;22282;Solaire PV;Electricité;83.0;164.0;22;282
Saint-Cast-le-Guildo;22282;Solaire thermique;Chaleur;115.0;160.0;22;282
Saint-Clet;22283;Bois énergie domestique;Chaleur;2001.0;2496.0;22;283
Saint-Clet;22283;Hydroélectricité;Electricité;0.0;0.0;22;283
Saint-Clet;22283;PAC (aérothermie et géothermie);Chaleur;937.0;1311.0;22;283
Saint-Clet;22283;Solaire PV;Electricité;53.0;45.0;22;283
Saint-Clet;22283;Solaire thermique;Chaleur;16.0;20.0;22;283
Saint-Connan;22284;Bois énergie domestique;Chaleur;642.0;800.0;22;284
Saint-Connan;22284;Hydroélectricité;Electricité;0.0;0.0;22;284
Saint-Connan;22284;PAC (aérothermie et géothermie);Chaleur;375.0;525.0;22;284
Saint-Connan;22284;Solaire PV;Electricité;216.0;235.0;22;284
Saint-Connan;22284;Solaire thermique;Chaleur;6.0;10.0;22;284
Saint-Connec;22285;Bois énergie domestique;Chaleur;579.0;722.0;22;285
Saint-Connec;22285;Hydroélectricité;Electricité;0.0;0.0;22;285
Saint-Connec;22285;PAC (aérothermie et géothermie);Chaleur;297.0;416.0;22;285
Saint-Connec;22285;Solaire thermique;Chaleur;5.0;10.0;22;285
Saint-Denoual;22286;Bois énergie domestique;Chaleur;851.0;1061.0;22;286
Saint-Denoual;22286;Hydroélectricité;Electricité;0.0;0.0;22;286
Saint-Denoual;22286;PAC (aérothermie et géothermie);Chaleur;374.0;523.0;22;286
Saint-Denoual;22286;Solaire thermique;Chaleur;6.0;10.0;22;286
Saint-Donan;22287;Bois énergie domestique;Chaleur;2463.0;3072.0;22;287
Saint-Donan;22287;Hydroélectricité;Electricité;0.0;0.0;22;287
Saint-Donan;22287;Méthanisation;Chaleur;0.0;0.0;22;287
Saint-Donan;22287;PAC (aérothermie et géothermie);Chaleur;1141.0;1596.0;22;287
Saint-Donan;22287;Solaire PV;Electricité;221.0;247.0;22;287
Saint-Donan;22287;Solaire thermique;Chaleur;19.0;30.0;22;287
Saint-Étienne-du-Gué-de-l'Isle;22288;Bois énergie domestique;Chaleur;755.0;941.0;22;288
Saint-Étienne-du-Gué-de-l'Isle;22288;Éolien terrestre;Electricité;25887.0;12000.0;22;288
Saint-Étienne-du-Gué-de-l'Isle;22288;Hydroélectricité;Electricité;0.0;0.0;22;288
Saint-Étienne-du-Gué-de-l'Isle;22288;PAC (aérothermie et géothermie);Chaleur;357.0;500.0;22;288
Saint-Étienne-du-Gué-de-l'Isle;22288;Solaire thermique;Chaleur;6.0;10.0;22;288
Saint-Fiacre;22289;Bois énergie domestique;Chaleur;522.0;651.0;22;289
Saint-Fiacre;22289;Hydroélectricité;Electricité;0.0;0.0;22;289
Saint-Fiacre;22289;PAC (aérothermie et géothermie);Chaleur;254.0;355.0;22;289
Saint-Fiacre;22289;Solaire thermique;Chaleur;4.0;10.0;22;289
Saint-Gildas;22291;Bois énergie domestique;Chaleur;551.0;688.0;22;291
Saint-Gildas;22291;Éolien terrestre;Electricité;25874.0;9200.0;22;291
Saint-Gildas;22291;Hydroélectricité;Electricité;0.0;0.0;22;291
Saint-Gildas;22291;PAC (aérothermie et géothermie);Chaleur;292.0;409.0;22;291
Saint-Gildas;22291;Solaire PV;Electricité;256.0;239.0;22;291
Saint-Gildas;22291;Solaire thermique;Chaleur;5.0;10.0;22;291
Saint-Gilles-les-Bois;22293;Bois énergie chaufferies;Chaleur;74.0;55.0;22;293
Saint-Gilles-les-Bois;22293;Bois énergie domestique;Chaleur;881.0;1099.0;22;293
Saint-Gilles-les-Bois;22293;Hydroélectricité;Electricité;0.0;0.0;22;293
Saint-Gilles-les-Bois;22293;PAC (aérothermie et géothermie);Chaleur;414.0;579.0;22;293
Saint-Gilles-les-Bois;22293;Solaire PV;Electricité;50.0;40.0;22;293
Saint-Gilles-les-Bois;22293;Solaire thermique;Chaleur;7.0;10.0;22;293
Saint-Gilles-Pligeaux;22294;Bois énergie domestique;Chaleur;774.0;965.0;22;294
Saint-Gilles-Pligeaux;22294;Hydroélectricité;Electricité;0.0;0.0;22;294
Saint-Gilles-Pligeaux;22294;PAC (aérothermie et géothermie);Chaleur;486.0;680.0;22;294
Saint-Gilles-Pligeaux;22294;Solaire PV;Electricité;94.0;130.0;22;294
Saint-Gilles-Pligeaux;22294;Solaire thermique;Chaleur;8.0;10.0;22;294
Saint-Gilles-Vieux-Marché;22295;Bois énergie domestique;Chaleur;757.0;944.0;22;295
Saint-Gilles-Vieux-Marché;22295;Hydroélectricité;Electricité;0.0;0.0;22;295
Saint-Gilles-Vieux-Marché;22295;PAC (aérothermie et géothermie);Chaleur;428.0;599.0;22;295
Saint-Gilles-Vieux-Marché;22295;Solaire thermique;Chaleur;7.0;10.0;22;295
Saint-Glen;22296;Bois énergie domestique;Chaleur;1280.0;1596.0;22;296
Saint-Glen;22296;Hydroélectricité;Electricité;0.0;0.0;22;296
Saint-Glen;22296;Méthanisation;Chaleur;0.0;0.0;22;296
Saint-Glen;22296;PAC (aérothermie et géothermie);Chaleur;583.0;816.0;22;296
Saint-Glen;22296;Solaire thermique;Chaleur;10.0;10.0;22;296
Saint-Hélen;22299;Bois énergie domestique;Chaleur;3003.0;3745.0;22;299
Saint-Hélen;22299;Hydroélectricité;Electricité;0.0;0.0;22;299
Saint-Hélen;22299;Méthanisation;Biométhane;7164.0;714.0;22;299
Saint-Hélen;22299;PAC (aérothermie et géothermie);Chaleur;1318.0;1844.0;22;299
Saint-Hélen;22299;Solaire PV;Electricité;33.0;49.0;22;299
Saint-Hélen;22299;Solaire thermique;Chaleur;22.0;30.0;22;299
Saint-Hervé;22300;Bois énergie chaufferies;Chaleur;573.0;250.0;22;300
Saint-Hervé;22300;Bois énergie domestique;Chaleur;812.0;1013.0;22;300
Saint-Hervé;22300;Hydroélectricité;Electricité;0.0;0.0;22;300
Saint-Hervé;22300;PAC (aérothermie et géothermie);Chaleur;385.0;538.0;22;300
Saint-Hervé;22300;Solaire PV;Electricité;18.0;32.0;22;300
Saint-Hervé;22300;Solaire thermique;Chaleur;6.0;10.0;22;300
Saint-Jacut-de-la-Mer;22302;Bois énergie domestique;Chaleur;2767.0;3451.0;22;302
Saint-Jacut-de-la-Mer;22302;Hydroélectricité;Electricité;0.0;0.0;22;302
Saint-Jacut-de-la-Mer;22302;PAC (aérothermie et géothermie);Chaleur;2291.0;3205.0;22;302
Saint-Jacut-de-la-Mer;22302;Solaire PV;Electricité;16.0;39.0;22;302
Saint-Jacut-de-la-Mer;22302;Solaire thermique;Chaleur;38.0;50.0;22;302
Saint-Jean-Kerdaniel;22304;Bois énergie domestique;Chaleur;1009.0;1259.0;22;304
Saint-Jean-Kerdaniel;22304;Hydroélectricité;Electricité;0.0;0.0;22;304
Saint-Jean-Kerdaniel;22304;PAC (aérothermie et géothermie);Chaleur;440.0;616.0;22;304
Saint-Jean-Kerdaniel;22304;Solaire PV;Electricité;291.0;327.0;22;304
Saint-Jean-Kerdaniel;22304;Solaire thermique;Chaleur;7.0;10.0;22;304
Saint-Jouan-de-l'Isle;22305;Bois énergie domestique;Chaleur;890.0;1111.0;22;305
Saint-Jouan-de-l'Isle;22305;Hydroélectricité;Electricité;0.0;0.0;22;305
Saint-Jouan-de-l'Isle;22305;PAC (aérothermie et géothermie);Chaleur;410.0;574.0;22;305
Saint-Jouan-de-l'Isle;22305;Solaire PV;Electricité;164.0;156.0;22;305
Saint-Jouan-de-l'Isle;22305;Solaire thermique;Chaleur;7.0;10.0;22;305
Saint-Judoce;22306;Bois énergie domestique;Chaleur;1128.0;1406.0;22;306
Saint-Judoce;22306;Hydroélectricité;Electricité;0.0;0.0;22;306
Saint-Judoce;22306;PAC (aérothermie et géothermie);Chaleur;486.0;681.0;22;306
Saint-Judoce;22306;Solaire thermique;Chaleur;8.0;10.0;22;306
Saint-Julien;22307;Bois énergie domestique;Chaleur;3382.0;4218.0;22;307
Saint-Julien;22307;Hydroélectricité;Electricité;0.0;0.0;22;307
Saint-Julien;22307;PAC (aérothermie et géothermie);Chaleur;1529.0;2139.0;22;307
Saint-Julien;22307;Solaire PV;Electricité;39.0;58.0;22;307
Saint-Julien;22307;Solaire thermique;Chaleur;25.0;40.0;22;307
Saint-Juvat;22308;Bois énergie domestique;Chaleur;1352.0;1687.0;22;308
Saint-Juvat;22308;Hydroélectricité;Electricité;0.0;0.0;22;308
Saint-Juvat;22308;PAC (aérothermie et géothermie);Chaleur;651.0;911.0;22;308
Saint-Juvat;22308;Solaire PV;Electricité;145.0;147.0;22;308
Saint-Juvat;22308;Solaire thermique;Chaleur;11.0;20.0;22;308
Saint-Launeuc;22309;Bois énergie domestique;Chaleur;446.0;556.0;22;309
Saint-Launeuc;22309;Hydroélectricité;Electricité;0.0;0.0;22;309
Saint-Launeuc;22309;PAC (aérothermie et géothermie);Chaleur;217.0;304.0;22;309
Saint-Launeuc;22309;Solaire thermique;Chaleur;4.0;10.0;22;309
Saint-Laurent;22310;Bois énergie domestique;Chaleur;1040.0;1297.0;22;310
Saint-Laurent;22310;Hydroélectricité;Electricité;0.0;0.0;22;310
Saint-Laurent;22310;PAC (aérothermie et géothermie);Chaleur;452.0;633.0;22;310
Saint-Laurent;22310;Solaire thermique;Chaleur;8.0;10.0;22;310
Saint-Lormel;22311;Bois énergie domestique;Chaleur;1828.0;2280.0;22;311
Saint-Lormel;22311;Hydroélectricité;Electricité;0.0;0.0;22;311
Saint-Lormel;22311;PAC (aérothermie et géothermie);Chaleur;867.0;1213.0;22;311
Saint-Lormel;22311;Solaire PV;Electricité;18.0;35.0;22;311
Saint-Lormel;22311;Solaire thermique;Chaleur;14.0;20.0;22;311
Saint-Maden;22312;Bois énergie domestique;Chaleur;492.0;613.0;22;312
Saint-Maden;22312;Hydroélectricité;Electricité;0.0;0.0;22;312
Saint-Maden;22312;Méthanisation;Chaleur;841.0;120.0;22;312
Saint-Maden;22312;PAC (aérothermie et géothermie);Chaleur;239.0;335.0;22;312
Saint-Maden;22312;Solaire thermique;Chaleur;4.0;10.0;22;312
Saint-Martin-des-Prés;22313;Bois énergie domestique;Chaleur;740.0;923.0;22;313
Saint-Martin-des-Prés;22313;Hydroélectricité;Electricité;0.0;0.0;22;313
Saint-Martin-des-Prés;22313;PAC (aérothermie et géothermie);Chaleur;401.0;561.0;22;313
Saint-Martin-des-Prés;22313;Solaire PV;Electricité;58.0;94.0;22;313
Saint-Martin-des-Prés;22313;Solaire thermique;Chaleur;7.0;10.0;22;313
Saint-Maudan;22314;Bois énergie domestique;Chaleur;822.0;1026.0;22;314
Saint-Maudan;22314;Hydroélectricité;Electricité;0.0;0.0;22;314
Saint-Maudan;22314;PAC (aérothermie et géothermie);Chaleur;346.0;485.0;22;314
Saint-Maudan;22314;Solaire PV;Electricité;107.0;100.0;22;314
Saint-Maudan;22314;Solaire thermique;Chaleur;6.0;10.0;22;314
Saint-Maudez;22315;Bois énergie chaufferies;Chaleur;51.0;70.0;22;315
Saint-Maudez;22315;Bois énergie domestique;Chaleur;578.0;720.0;22;315
Saint-Maudez;22315;Hydroélectricité;Electricité;0.0;0.0;22;315
Saint-Maudez;22315;PAC (aérothermie et géothermie);Chaleur;268.0;375.0;22;315
Saint-Maudez;22315;Solaire thermique;Chaleur;4.0;10.0;22;315
Saint-Mayeux;22316;Bois énergie chaufferies;Chaleur;369.0;285.0;22;316
Saint-Mayeux;22316;Bois énergie domestique;Chaleur;1088.0;1357.0;22;316
Saint-Mayeux;22316;Éolien terrestre;Electricité;2103.0;1700.0;22;316
Saint-Mayeux;22316;Hydroélectricité;Electricité;0.0;0.0;22;316
Saint-Mayeux;22316;Méthanisation;Chaleur;1577.0;249.0;22;316
Saint-Mayeux;22316;Méthanisation;Electricité;1577.0;249.0;22;316
Saint-Mayeux;22316;PAC (aérothermie et géothermie);Chaleur;622.0;870.0;22;316
Saint-Mayeux;22316;Solaire PV;Electricité;3392.0;2837.0;22;316
Saint-Mayeux;22316;Solaire thermique;Chaleur;10.0;10.0;22;316
Saint-Méloir-des-Bois;22317;Bois énergie domestique;Chaleur;525.0;655.0;22;317
Saint-Méloir-des-Bois;22317;Hydroélectricité;Electricité;0.0;0.0;22;317
Saint-Méloir-des-Bois;22317;PAC (aérothermie et géothermie);Chaleur;250.0;351.0;22;317
Saint-Méloir-des-Bois;22317;Solaire thermique;Chaleur;4.0;10.0;22;317
Saint-Michel-de-Plélan;22318;Bois énergie domestique;Chaleur;647.0;807.0;22;318
Saint-Michel-de-Plélan;22318;Hydroélectricité;Electricité;0.0;0.0;22;318
Saint-Michel-de-Plélan;22318;PAC (aérothermie et géothermie);Chaleur;307.0;430.0;22;318
Saint-Michel-de-Plélan;22318;Solaire thermique;Chaleur;5.0;10.0;22;318
Saint-Michel-en-Grève;22319;Bois énergie domestique;Chaleur;1046.0;1304.0;22;319
Saint-Michel-en-Grève;22319;Hydroélectricité;Electricité;0.0;0.0;22;319
Saint-Michel-en-Grève;22319;PAC (aérothermie et géothermie);Chaleur;678.0;949.0;22;319
Saint-Michel-en-Grève;22319;Solaire thermique;Chaleur;11.0;20.0;22;319
Saint-Nicodème;22320;Bois énergie domestique;Chaleur;399.0;498.0;22;320
Saint-Nicodème;22320;Hydroélectricité;Electricité;0.0;0.0;22;320
Saint-Nicodème;22320;PAC (aérothermie et géothermie);Chaleur;230.0;321.0;22;320
Saint-Nicodème;22320;Solaire PV;Electricité;246.0;220.0;22;320
Saint-Nicodème;22320;Solaire thermique;Chaleur;4.0;10.0;22;320
Saint-Nicolas-du-Pélem;22321;Bois énergie domestique;Chaleur;3734.0;4657.0;22;321
Saint-Nicolas-du-Pélem;22321;Hydroélectricité;Electricité;0.0;0.0;22;321
Saint-Nicolas-du-Pélem;22321;PAC (aérothermie et géothermie);Chaleur;1968.0;2754.0;22;321
Saint-Nicolas-du-Pélem;22321;Solaire PV;Electricité;345.0;543.0;22;321
Saint-Nicolas-du-Pélem;22321;Solaire thermique;Chaleur;33.0;50.0;22;321
Saint-Péver;22322;Bois énergie chaufferies;Chaleur;66.0;70.0;22;322
Saint-Péver;22322;Bois énergie domestique;Chaleur;823.0;1027.0;22;322
Saint-Péver;22322;Hydroélectricité;Electricité;0.0;0.0;22;322
Saint-Péver;22322;PAC (aérothermie et géothermie);Chaleur;371.0;520.0;22;322
Saint-Péver;22322;Solaire PV;Electricité;108.0;83.0;22;322
Saint-Péver;22322;Solaire thermique;Chaleur;6.0;10.0;22;322
Saint-Pôtan;22323;Bois énergie chaufferies;Chaleur;129.0;80.0;22;323
Saint-Pôtan;22323;Bois énergie domestique;Chaleur;1770.0;2207.0;22;323
Saint-Pôtan;22323;Hydroélectricité;Electricité;0.0;0.0;22;323
Saint-Pôtan;22323;PAC (aérothermie et géothermie);Chaleur;879.0;1230.0;22;323
Saint-Pôtan;22323;Solaire PV;Electricité;57.0;71.0;22;323
Saint-Pôtan;22323;Solaire thermique;Chaleur;15.0;20.0;22;323
Saint-Quay-Perros;22324;Bois énergie domestique;Chaleur;2176.0;2714.0;22;324
Saint-Quay-Perros;22324;Hydroélectricité;Electricité;0.0;0.0;22;324
Saint-Quay-Perros;22324;PAC (aérothermie et géothermie);Chaleur;1331.0;1863.0;22;324
Saint-Quay-Perros;22324;Solaire PV;Electricité;38.0;54.0;22;324
Saint-Quay-Perros;22324;Solaire thermique;Chaleur;22.0;30.0;22;324
Saint-Quay-Portrieux;22325;Bois énergie domestique;Chaleur;4705.0;5868.0;22;325
Saint-Quay-Portrieux;22325;Hydroélectricité;Electricité;0.0;0.0;22;325
Saint-Quay-Portrieux;22325;PAC (aérothermie et géothermie);Chaleur;4619.0;6463.0;22;325
Saint-Quay-Portrieux;22325;Solaire PV;Electricité;31.0;76.0;22;325
Saint-Quay-Portrieux;22325;Solaire thermique;Chaleur;77.0;110.0;22;325
Saint-Rieul;22326;Bois énergie domestique;Chaleur;1009.0;1259.0;22;326
Saint-Rieul;22326;Hydroélectricité;Electricité;0.0;0.0;22;326
Saint-Rieul;22326;Méthanisation;Chaleur;2043.0;234.0;22;326
Saint-Rieul;22326;Méthanisation;Electricité;1702.0;195.0;22;326
Saint-Rieul;22326;PAC (aérothermie et géothermie);Chaleur;425.0;595.0;22;326
Saint-Rieul;22326;Solaire PV;Electricité;0.0;60.0;22;326
Saint-Rieul;22326;Solaire thermique;Chaleur;7.0;10.0;22;326
Saint-Samson-sur-Rance;22327;Bois énergie domestique;Chaleur;3169.0;3952.0;22;327
Saint-Samson-sur-Rance;22327;Hydroélectricité;Electricité;0.0;0.0;22;327
Saint-Samson-sur-Rance;22327;PAC (aérothermie et géothermie);Chaleur;1325.0;1854.0;22;327
Saint-Samson-sur-Rance;22327;Solaire PV;Electricité;23.0;44.0;22;327
Saint-Samson-sur-Rance;22327;Solaire thermique;Chaleur;22.0;30.0;22;327
Saint-Servais;22328;Bois énergie domestique;Chaleur;996.0;1242.0;22;328
Saint-Servais;22328;Éolien terrestre;Electricité;10634.0;5600.0;22;328
Saint-Servais;22328;Hydroélectricité;Electricité;0.0;0.0;22;328
Saint-Servais;22328;PAC (aérothermie et géothermie);Chaleur;559.0;782.0;22;328
Saint-Servais;22328;Solaire thermique;Chaleur;9.0;10.0;22;328
Saint-Thélo;22330;Bois énergie domestique;Chaleur;852.0;1063.0;22;330
Saint-Thélo;22330;Hydroélectricité;Electricité;0.0;0.0;22;330
Saint-Thélo;22330;PAC (aérothermie et géothermie);Chaleur;424.0;594.0;22;330
Saint-Thélo;22330;Solaire thermique;Chaleur;7.0;10.0;22;330
Sainte-Tréphine;22331;Bois énergie domestique;Chaleur;400.0;499.0;22;331
Sainte-Tréphine;22331;Hydroélectricité;Electricité;0.0;0.0;22;331
Sainte-Tréphine;22331;PAC (aérothermie et géothermie);Chaleur;249.0;349.0;22;331
Sainte-Tréphine;22331;Solaire PV;Electricité;173.0;251.0;22;331
Sainte-Tréphine;22331;Solaire thermique;Chaleur;4.0;10.0;22;331
Saint-Trimoël;22332;Bois énergie domestique;Chaleur;991.0;1236.0;22;332
Saint-Trimoël;22332;Hydroélectricité;Electricité;0.0;0.0;22;332
Saint-Trimoël;22332;PAC (aérothermie et géothermie);Chaleur;436.0;610.0;22;332
Saint-Trimoël;22332;Solaire PV;Electricité;23.0;46.0;22;332
Saint-Trimoël;22332;Solaire thermique;Chaleur;7.0;10.0;22;332
Saint-Vran;22333;Bois énergie domestique;Chaleur;1610.0;2008.0;22;333
Saint-Vran;22333;Hydroélectricité;Electricité;0.0;0.0;22;333
Saint-Vran;22333;PAC (aérothermie et géothermie);Chaleur;807.0;1130.0;22;333
Saint-Vran;22333;Solaire PV;Electricité;234.0;237.0;22;333
Saint-Vran;22333;Solaire thermique;Chaleur;13.0;20.0;22;333
Saint-Igeaux;22334;Bois énergie chaufferies;Chaleur;561.0;700.0;22;334
Saint-Igeaux;22334;Bois énergie domestique;Chaleur;295.0;368.0;22;334
Saint-Igeaux;22334;Éolien terrestre;Electricité;15.0;10.0;22;334
Saint-Igeaux;22334;Hydroélectricité;Electricité;0.0;0.0;22;334
Saint-Igeaux;22334;PAC (aérothermie et géothermie);Chaleur;192.0;269.0;22;334
Saint-Igeaux;22334;Solaire PV;Electricité;129.0;197.0;22;334
Saint-Igeaux;22334;Solaire thermique;Chaleur;3.0;0.0;22;334
Senven-Léhart;22335;Bois énergie domestique;Chaleur;517.0;645.0;22;335
Senven-Léhart;22335;Hydroélectricité;Electricité;0.0;0.0;22;335
Senven-Léhart;22335;PAC (aérothermie et géothermie);Chaleur;294.0;412.0;22;335
Senven-Léhart;22335;Solaire PV;Electricité;2.0;287.0;22;335
Senven-Léhart;22335;Solaire thermique;Chaleur;5.0;10.0;22;335
Sévignac;22337;Bois énergie domestique;Chaleur;2375.0;2962.0;22;337
Sévignac;22337;Hydroélectricité;Electricité;0.0;0.0;22;337
Sévignac;22337;Méthanisation;Chaleur;2206.0;300.0;22;337
Sévignac;22337;Méthanisation;Electricité;2573.0;350.0;22;337
Sévignac;22337;PAC (aérothermie et géothermie);Chaleur;1201.0;1681.0;22;337
Sévignac;22337;Solaire PV;Electricité;206.0;234.0;22;337
Sévignac;22337;Solaire thermique;Chaleur;20.0;30.0;22;337
Squiffiec;22338;Bois énergie domestique;Chaleur;1475.0;1840.0;22;338
Squiffiec;22338;Hydroélectricité;Electricité;0.0;0.0;22;338
Squiffiec;22338;PAC (aérothermie et géothermie);Chaleur;617.0;864.0;22;338
Squiffiec;22338;Solaire thermique;Chaleur;10.0;10.0;22;338
Taden;22339;Bois énergie chaufferies;Chaleur;5425.0;1740.0;22;339
Taden;22339;Bois énergie domestique;Chaleur;4856.0;6056.0;22;339
Taden;22339;Hydroélectricité;Electricité;0.0;0.0;22;339
Taden;22339;PAC (aérothermie et géothermie);Chaleur;2122.0;2970.0;22;339
Taden;22339;Solaire PV;Electricité;102.0;114.0;22;339
Taden;22339;Solaire thermique;Chaleur;35.0;50.0;22;339
Taden;22339;Uiom;Chaleur;0.0;0.0;22;339
Taden;22339;Uiom;Electricité;9141.0;5800.0;22;339
Tonquédec;22340;Bois énergie domestique;Chaleur;2188.0;2729.0;22;340
Tonquédec;22340;Hydroélectricité;Electricité;0.0;0.0;22;340
Tonquédec;22340;PAC (aérothermie et géothermie);Chaleur;1090.0;1526.0;22;340
Tonquédec;22340;Solaire PV;Electricité;219.0;223.0;22;340
Tonquédec;22340;Solaire thermique;Chaleur;18.0;30.0;22;340
Tramain;22341;Bois énergie domestique;Chaleur;1363.0;1699.0;22;341
Tramain;22341;Hydroélectricité;Electricité;0.0;0.0;22;341
Tramain;22341;PAC (aérothermie et géothermie);Chaleur;594.0;832.0;22;341
Tramain;22341;Solaire PV;Electricité;62.0;74.0;22;341
Tramain;22341;Solaire thermique;Chaleur;10.0;10.0;22;341
Trébédan;22342;Bois énergie domestique;Chaleur;820.0;1022.0;22;342
Trébédan;22342;Hydroélectricité;Electricité;0.0;0.0;22;342
Trébédan;22342;PAC (aérothermie et géothermie);Chaleur;368.0;515.0;22;342
Trébédan;22342;Solaire thermique;Chaleur;6.0;10.0;22;342
Trébeurden;22343;Bois énergie domestique;Chaleur;7342.0;9156.0;22;343
Trébeurden;22343;Hydroélectricité;Electricité;0.0;0.0;22;343
Trébeurden;22343;PAC (aérothermie et géothermie);Chaleur;4987.0;6978.0;22;343
Trébeurden;22343;Solaire PV;Electricité;50.0;105.0;22;343
Trébeurden;22343;Solaire thermique;Chaleur;83.0;120.0;22;343
Trébrivan;22344;Bois énergie chaufferies;Chaleur;143.0;130.0;22;344
Trébrivan;22344;Bois énergie domestique;Chaleur;1450.0;1808.0;22;344
Trébrivan;22344;Hydroélectricité;Electricité;0.0;0.0;22;344
Trébrivan;22344;PAC (aérothermie et géothermie);Chaleur;728.0;1019.0;22;344
Trébrivan;22344;Solaire thermique;Chaleur;12.0;20.0;22;344
Trébry;22345;Bois énergie domestique;Chaleur;1680.0;2095.0;22;345
Trébry;22345;Éolien terrestre;Electricité;3385.0;12000.0;22;345
Trébry;22345;Hydroélectricité;Electricité;0.0;0.0;22;345
Trébry;22345;PAC (aérothermie et géothermie);Chaleur;804.0;1125.0;22;345
Trébry;22345;Solaire PV;Electricité;445.0;413.0;22;345
Trébry;22345;Solaire thermique;Chaleur;13.0;20.0;22;345
Trédaniel;22346;Bois énergie domestique;Chaleur;1742.0;2172.0;22;346
Trédaniel;22346;Hydroélectricité;Electricité;0.0;0.0;22;346
Trédaniel;22346;PAC (aérothermie et géothermie);Chaleur;736.0;1029.0;22;346
Trédaniel;22346;Solaire PV;Electricité;210.0;206.0;22;346
Trédaniel;22346;Solaire thermique;Chaleur;12.0;20.0;22;346
Trédarzec;22347;Bois énergie domestique;Chaleur;2409.0;3005.0;22;347
Trédarzec;22347;Hydroélectricité;Electricité;0.0;0.0;22;347
Trédarzec;22347;PAC (aérothermie et géothermie);Chaleur;1179.0;1650.0;22;347
Trédarzec;22347;Solaire PV;Electricité;105.0;95.0;22;347
Trédarzec;22347;Solaire thermique;Chaleur;20.0;30.0;22;347
Trédias;22348;Bois énergie chaufferies;Chaleur;41.0;100.0;22;348
Trédias;22348;Bois énergie domestique;Chaleur;1071.0;1336.0;22;348
Trédias;22348;Hydroélectricité;Electricité;0.0;0.0;22;348
Trédias;22348;PAC (aérothermie et géothermie);Chaleur;520.0;728.0;22;348
Trédias;22348;Solaire PV;Electricité;102.0;96.0;22;348
Trédias;22348;Solaire thermique;Chaleur;9.0;10.0;22;348
Trédrez-Locquémeau;22349;Bois énergie domestique;Chaleur;3284.0;4096.0;22;349
Trédrez-Locquémeau;22349;Hydroélectricité;Electricité;0.0;0.0;22;349
Trédrez-Locquémeau;22349;PAC (aérothermie et géothermie);Chaleur;2085.0;2917.0;22;349
Trédrez-Locquémeau;22349;Solaire PV;Electricité;27.0;30.0;22;349
Trédrez-Locquémeau;22349;Solaire thermique;Chaleur;35.0;50.0;22;349
Tréduder;22350;Bois énergie domestique;Chaleur;428.0;534.0;22;350
Tréduder;22350;Hydroélectricité;Electricité;0.0;0.0;22;350
Tréduder;22350;PAC (aérothermie et géothermie);Chaleur;272.0;380.0;22;350
Tréduder;22350;Solaire thermique;Chaleur;5.0;10.0;22;350
Treffrin;22351;Bois énergie domestique;Chaleur;1153.0;1438.0;22;351
Treffrin;22351;Hydroélectricité;Electricité;24.0;18.0;22;351
Treffrin;22351;PAC (aérothermie et géothermie);Chaleur;482.0;675.0;22;351
Treffrin;22351;Solaire thermique;Chaleur;8.0;10.0;22;351
Tréfumel;22352;Bois énergie domestique;Chaleur;594.0;740.0;22;352
Tréfumel;22352;Hydroélectricité;Electricité;0.0;0.0;22;352
Tréfumel;22352;PAC (aérothermie et géothermie);Chaleur;264.0;369.0;22;352
Tréfumel;22352;Solaire PV;Electricité;77.0;66.0;22;352
Tréfumel;22352;Solaire thermique;Chaleur;4.0;10.0;22;352
Trégastel;22353;Bois énergie domestique;Chaleur;4361.0;5439.0;22;353
Trégastel;22353;Hydroélectricité;Electricité;0.0;0.0;22;353
Trégastel;22353;PAC (aérothermie et géothermie);Chaleur;4029.0;5638.0;22;353
Trégastel;22353;Solaire PV;Electricité;39.0;64.0;22;353
Trégastel;22353;Solaire thermique;Chaleur;67.0;90.0;22;353
Tréglamus;22354;Bois énergie domestique;Chaleur;2047.0;2554.0;22;354
Tréglamus;22354;Éolien terrestre;Electricité;11382.0;4000.0;22;354
Tréglamus;22354;Hydroélectricité;Electricité;0.0;0.0;22;354
Tréglamus;22354;PAC (aérothermie et géothermie);Chaleur;884.0;1237.0;22;354
Tréglamus;22354;Solaire PV;Electricité;27.0;40.0;22;354
Tréglamus;22354;Solaire thermique;Chaleur;15.0;20.0;22;354
Trégomeur;22356;Bois énergie domestique;Chaleur;1599.0;1994.0;22;356
Trégomeur;22356;Hydroélectricité;Electricité;0.0;0.0;22;356
Trégomeur;22356;PAC (aérothermie et géothermie);Chaleur;791.0;1107.0;22;356
Trégomeur;22356;Solaire PV;Electricité;75.0;87.0;22;356
Trégomeur;22356;Solaire thermique;Chaleur;13.0;20.0;22;356
Trégonneau;22358;Bois énergie domestique;Chaleur;1075.0;1340.0;22;358
Trégonneau;22358;Hydroélectricité;Electricité;0.0;0.0;22;358
Trégonneau;22358;PAC (aérothermie et géothermie);Chaleur;454.0;635.0;22;358
Trégonneau;22358;Solaire thermique;Chaleur;8.0;10.0;22;358
Trégrom;22359;Bois énergie chaufferies;Chaleur;115.0;80.0;22;359
Trégrom;22359;Bois énergie domestique;Chaleur;921.0;1148.0;22;359
Trégrom;22359;Hydroélectricité;Electricité;0.0;0.0;22;359
Trégrom;22359;PAC (aérothermie et géothermie);Chaleur;513.0;719.0;22;359
Trégrom;22359;Solaire PV;Electricité;101.0;90.0;22;359
Trégrom;22359;Solaire thermique;Chaleur;9.0;10.0;22;359
Trégueux;22360;Bois énergie domestique;Chaleur;11172.0;13933.0;22;360
Trégueux;22360;Hydroélectricité;Electricité;0.0;0.0;22;360
Trégueux;22360;PAC (aérothermie et géothermie);Chaleur;6159.0;8618.0;22;360
Trégueux;22360;Solaire PV;Electricité;280.0;470.0;22;360
Trégueux;22360;Solaire thermique;Chaleur;102.0;140.0;22;360
Tréguidel;22361;Bois énergie domestique;Chaleur;1153.0;1437.0;22;361
Tréguidel;22361;Hydroélectricité;Electricité;0.0;0.0;22;361
Tréguidel;22361;PAC (aérothermie et géothermie);Chaleur;604.0;846.0;22;361
Tréguidel;22361;Solaire thermique;Chaleur;10.0;10.0;22;361
Tréguier;22362;Bois énergie chaufferies;Chaleur;367.0;150.0;22;362
Tréguier;22362;Bois énergie domestique;Chaleur;3501.0;4366.0;22;362
Tréguier;22362;Hydroélectricité;Electricité;0.0;0.0;22;362
Tréguier;22362;PAC (aérothermie et géothermie);Chaleur;1698.0;2376.0;22;362
Tréguier;22362;Solaire PV;Electricité;0.0;110.0;22;362
Tréguier;22362;Solaire thermique;Chaleur;28.0;40.0;22;362
Trélévern;22363;Bois énergie domestique;Chaleur;2897.0;3613.0;22;363
Trélévern;22363;Hydroélectricité;Electricité;0.0;0.0;22;363
Trélévern;22363;PAC (aérothermie et géothermie);Chaleur;1752.0;2452.0;22;363
Trélévern;22363;Solaire PV;Electricité;24.0;40.0;22;363
Trélévern;22363;Solaire thermique;Chaleur;29.0;40.0;22;363
Trélivan;22364;Bois énergie domestique;Chaleur;5960.0;7433.0;22;364
Trélivan;22364;Hydroélectricité;Electricité;0.0;0.0;22;364
Trélivan;22364;PAC (aérothermie et géothermie);Chaleur;2408.0;3369.0;22;364
Trélivan;22364;Solaire PV;Electricité;32.0;74.0;22;364
Trélivan;22364;Solaire thermique;Chaleur;40.0;60.0;22;364
Trémargat;22365;Bois énergie domestique;Chaleur;367.0;458.0;22;365
Trémargat;22365;Hydroélectricité;Electricité;156.0;260.0;22;365
Trémargat;22365;PAC (aérothermie et géothermie);Chaleur;166.0;232.0;22;365
Trémargat;22365;Solaire thermique;Chaleur;3.0;0.0;22;365
Trémel;22366;Bois énergie domestique;Chaleur;934.0;1165.0;22;366
Trémel;22366;Hydroélectricité;Electricité;0.0;0.0;22;366
Trémel;22366;PAC (aérothermie et géothermie);Chaleur;525.0;734.0;22;366
Trémel;22366;Solaire thermique;Chaleur;9.0;10.0;22;366
Tréméreuc;22368;Bois énergie domestique;Chaleur;1279.0;1595.0;22;368
Tréméreuc;22368;Hydroélectricité;Electricité;0.0;0.0;22;368
Tréméreuc;22368;PAC (aérothermie et géothermie);Chaleur;628.0;879.0;22;368
Tréméreuc;22368;Solaire thermique;Chaleur;10.0;10.0;22;368
Trémeur;22369;Bois énergie domestique;Chaleur;1521.0;1897.0;22;369
Trémeur;22369;Hydroélectricité;Electricité;0.0;0.0;22;369
Trémeur;22369;PAC (aérothermie et géothermie);Chaleur;732.0;1024.0;22;369
Trémeur;22369;Solaire PV;Electricité;134.0;375.0;22;369
Trémeur;22369;Solaire thermique;Chaleur;12.0;20.0;22;369
Tréméven;22370;Bois énergie chaufferies;Chaleur;158.0;110.0;22;370
Tréméven;22370;Bois énergie domestique;Chaleur;791.0;987.0;22;370
Tréméven;22370;Hydroélectricité;Electricité;0.0;0.0;22;370
Tréméven;22370;PAC (aérothermie et géothermie);Chaleur;377.0;527.0;22;370
Tréméven;22370;Solaire thermique;Chaleur;6.0;10.0;22;370
Trémorel;22371;Bois énergie chaufferies;Chaleur;36136.0;8500.0;22;371
Trémorel;22371;Bois énergie domestique;Chaleur;2307.0;2877.0;22;371
Trémorel;22371;Hydroélectricité;Electricité;0.0;0.0;22;371
Trémorel;22371;Méthanisation;Biométhane;0.0;0.0;22;371
Trémorel;22371;PAC (aérothermie et géothermie);Chaleur;985.0;1379.0;22;371
Trémorel;22371;Solaire PV;Electricité;199.0;292.0;22;371
Trémorel;22371;Solaire thermique;Chaleur;16.0;20.0;22;371
Trémuson;22372;Bois énergie domestique;Chaleur;3373.0;4207.0;22;372
Trémuson;22372;Hydroélectricité;Electricité;0.0;0.0;22;372
Trémuson;22372;PAC (aérothermie et géothermie);Chaleur;1520.0;2128.0;22;372
Trémuson;22372;Solaire PV;Electricité;191.0;261.0;22;372
Trémuson;22372;Solaire thermique;Chaleur;25.0;40.0;22;372
Tréogan;22373;Bois énergie domestique;Chaleur;258.0;322.0;22;373
Tréogan;22373;Hydroélectricité;Electricité;0.0;0.0;22;373
Tréogan;22373;PAC (aérothermie et géothermie);Chaleur;147.0;206.0;22;373
Tréogan;22373;Solaire thermique;Chaleur;2.0;0.0;22;373
Tressignaux;22375;Bois énergie chaufferies;Chaleur;295.0;220.0;22;375
Tressignaux;22375;Bois énergie domestique;Chaleur;1311.0;1635.0;22;375
Tressignaux;22375;Hydroélectricité;Electricité;0.0;0.0;22;375
Tressignaux;22375;PAC (aérothermie et géothermie);Chaleur;602.0;843.0;22;375
Tressignaux;22375;Solaire PV;Electricité;30.0;51.0;22;375
Tressignaux;22375;Solaire thermique;Chaleur;10.0;10.0;22;375
Trévé;22376;Bois énergie domestique;Chaleur;3075.0;3835.0;22;376
Trévé;22376;Éolien terrestre;Electricité;15858.0;6000.0;22;376
Trévé;22376;Hydroélectricité;Electricité;0.0;0.0;22;376
Trévé;22376;PAC (aérothermie et géothermie);Chaleur;1338.0;1873.0;22;376
Trévé;22376;Solaire PV;Electricité;186.0;288.0;22;376
Trévé;22376;Solaire thermique;Chaleur;22.0;30.0;22;376
Tréveneuc;22377;Bois énergie chaufferies;Chaleur;679.0;110.0;22;377
Tréveneuc;22377;Bois énergie domestique;Chaleur;1836.0;2290.0;22;377
Tréveneuc;22377;Hydroélectricité;Electricité;0.0;0.0;22;377
Tréveneuc;22377;PAC (aérothermie et géothermie);Chaleur;1106.0;1548.0;22;377
Tréveneuc;22377;Solaire thermique;Chaleur;18.0;30.0;22;377
Trévérec;22378;Bois énergie domestique;Chaleur;443.0;552.0;22;378
Trévérec;22378;Hydroélectricité;Electricité;0.0;0.0;22;378
Trévérec;22378;PAC (aérothermie et géothermie);Chaleur;227.0;318.0;22;378
Trévérec;22378;Solaire PV;Electricité;0.0;95.0;22;378
Trévérec;22378;Solaire thermique;Chaleur;4.0;10.0;22;378
Trévou-Tréguignec;22379;Bois énergie chaufferies;Chaleur;186.0;140.0;22;379
Trévou-Tréguignec;22379;Bois énergie domestique;Chaleur;2911.0;3630.0;22;379
Trévou-Tréguignec;22379;Hydroélectricité;Electricité;0.0;0.0;22;379
Trévou-Tréguignec;22379;PAC (aérothermie et géothermie);Chaleur;2152.0;3011.0;22;379
Trévou-Tréguignec;22379;Solaire PV;Electricité;117.0;106.0;22;379
Trévou-Tréguignec;22379;Solaire thermique;Chaleur;36.0;50.0;22;379
Trévron;22380;Bois énergie domestique;Chaleur;1409.0;1757.0;22;380
Trévron;22380;Hydroélectricité;Electricité;0.0;0.0;22;380
Trévron;22380;Méthanisation;Chaleur;491.0;70.0;22;380
Trévron;22380;PAC (aérothermie et géothermie);Chaleur;654.0;915.0;22;380
Trévron;22380;Solaire PV;Electricité;515.0;445.0;22;380
Trévron;22380;Solaire thermique;Chaleur;11.0;20.0;22;380
Trézény;22381;Bois énergie domestique;Chaleur;634.0;791.0;22;381
Trézény;22381;Hydroélectricité;Electricité;0.0;0.0;22;381
Trézény;22381;PAC (aérothermie et géothermie);Chaleur;308.0;431.0;22;381
Trézény;22381;Solaire thermique;Chaleur;5.0;10.0;22;381
Troguéry;22383;Bois énergie chaufferies;Chaleur;379.0;190.0;22;383
Troguéry;22383;Bois énergie domestique;Chaleur;529.0;660.0;22;383
Troguéry;22383;Hydroélectricité;Electricité;0.0;0.0;22;383
Troguéry;22383;PAC (aérothermie et géothermie);Chaleur;257.0;359.0;22;383
Troguéry;22383;Solaire PV;Electricité;0.0;60.0;22;383
Troguéry;22383;Solaire thermique;Chaleur;4.0;10.0;22;383
Uzel;22384;Bois énergie domestique;Chaleur;1938.0;2417.0;22;384
Uzel;22384;Hydroélectricité;Electricité;0.0;0.0;22;384
Uzel;22384;PAC (aérothermie et géothermie);Chaleur;970.0;1357.0;22;384
Uzel;22384;Solaire PV;Electricité;22.0;35.0;22;384
Uzel;22384;Solaire thermique;Chaleur;16.0;20.0;22;384
La Vicomté-sur-Rance;22385;Bois énergie domestique;Chaleur;2263.0;2822.0;22;385
La Vicomté-sur-Rance;22385;Hydroélectricité;Electricité;0.0;0.0;22;385
La Vicomté-sur-Rance;22385;PAC (aérothermie et géothermie);Chaleur;1062.0;1486.0;22;385
La Vicomté-sur-Rance;22385;Solaire PV;Electricité;14.0;26.0;22;385
La Vicomté-sur-Rance;22385;Solaire thermique;Chaleur;18.0;20.0;22;385
Le Vieux-Bourg;22386;Bois énergie chaufferies;Chaleur;411.0;220.0;22;386
Le Vieux-Bourg;22386;Bois énergie domestique;Chaleur;1277.0;1593.0;22;386
Le Vieux-Bourg;22386;Hydroélectricité;Electricité;0.0;0.0;22;386
Le Vieux-Bourg;22386;PAC (aérothermie et géothermie);Chaleur;675.0;944.0;22;386
Le Vieux-Bourg;22386;Solaire PV;Electricité;146.0;156.0;22;386
Le Vieux-Bourg;22386;Solaire thermique;Chaleur;11.0;20.0;22;386
Le Vieux-Marché;22387;Bois énergie chaufferies;Chaleur;34.0;45.0;22;387
Le Vieux-Marché;22387;Bois énergie domestique;Chaleur;2539.0;3166.0;22;387
Le Vieux-Marché;22387;Hydroélectricité;Electricité;0.0;0.0;22;387
Le Vieux-Marché;22387;PAC (aérothermie et géothermie);Chaleur;1373.0;1921.0;22;387
Le Vieux-Marché;22387;Solaire PV;Electricité;23.0;42.0;22;387
Le Vieux-Marché;22387;Solaire thermique;Chaleur;23.0;30.0;22;387
Vildé-Guingalan;22388;Bois énergie domestique;Chaleur;2449.0;3054.0;22;388
Vildé-Guingalan;22388;Hydroélectricité;Electricité;0.0;0.0;22;388
Vildé-Guingalan;22388;PAC (aérothermie et géothermie);Chaleur;1026.0;1436.0;22;388
Vildé-Guingalan;22388;Solaire PV;Electricité;19.0;39.0;22;388
Vildé-Guingalan;22388;Solaire thermique;Chaleur;17.0;20.0;22;388
Yffiniac;22389;Bois énergie domestique;Chaleur;6265.0;7813.0;22;389
Yffiniac;22389;Hydroélectricité;Electricité;0.0;0.0;22;389
Yffiniac;22389;Méthanisation;Chaleur;45.0;140.0;22;389
Yffiniac;22389;Méthanisation;Electricité;45.0;140.0;22;389
Yffiniac;22389;PAC (aérothermie et géothermie);Chaleur;3560.0;4982.0;22;389
Yffiniac;22389;Solaire PV;Electricité;476.0;513.0;22;389
Yffiniac;22389;Solaire thermique;Chaleur;59.0;80.0;22;389
Yvias;22390;Bois énergie domestique;Chaleur;1634.0;2038.0;22;390
Yvias;22390;Hydroélectricité;Electricité;99.0;75.0;22;390
Yvias;22390;Méthanisation;Chaleur;1363.0;180.0;22;390
Yvias;22390;Méthanisation;Electricité;1136.0;150.0;22;390
Yvias;22390;PAC (aérothermie et géothermie);Chaleur;764.0;1069.0;22;390
Yvias;22390;Solaire PV;Electricité;345.0;370.0;22;390
Yvias;22390;Solaire thermique;Chaleur;13.0;20.0;22;390
Yvignac-la-Tour;22391;Bois énergie domestique;Chaleur;2485.0;3100.0;22;391
Yvignac-la-Tour;22391;Éolien terrestre;Electricité;21639.0;10350.0;22;391
Yvignac-la-Tour;22391;Hydroélectricité;Electricité;0.0;0.0;22;391
Yvignac-la-Tour;22391;Méthanisation;Chaleur;841.0;120.0;22;391
Yvignac-la-Tour;22391;PAC (aérothermie et géothermie);Chaleur;1296.0;1813.0;22;391
Yvignac-la-Tour;22391;Solaire PV;Electricité;320.0;383.0;22;391
Yvignac-la-Tour;22391;Solaire thermique;Chaleur;21.0;30.0;22;391
Argol;29001;Bois énergie domestique;Chaleur;2132.0;2659.0;29;001
Argol;29001;Hydroélectricité;Electricité;0.0;0.0;29;001
Argol;29001;PAC (aérothermie et géothermie);Chaleur;1189.0;1664.0;29;001
Argol;29001;Solaire PV;Electricité;50.0;69.0;29;001
Argol;29001;Solaire thermique;Chaleur;20.0;30.0;29;001
Arzano;29002;Bois énergie chaufferies;Chaleur;1417.0;400.0;29;002
Arzano;29002;Bois énergie domestique;Chaleur;2616.0;3263.0;29;002
Arzano;29002;Hydroélectricité;Electricité;0.0;0.0;29;002
Arzano;29002;Méthanisation;Chaleur;1724.0;275.0;29;002
Arzano;29002;Méthanisation;Electricité;1568.0;250.0;29;002
Arzano;29002;PAC (aérothermie et géothermie);Chaleur;1129.0;1580.0;29;002
Arzano;29002;Solaire PV;Electricité;209.0;326.0;29;002
Arzano;29002;Solaire thermique;Chaleur;19.0;30.0;29;002
Audierne;29003;Bois énergie chaufferies;Chaleur;126.0;110.0;29;003
Audierne;29003;Bois énergie domestique;Chaleur;8233.0;10268.0;29;003
Audierne;29003;Hydroélectricité;Electricité;0.0;0.0;29;003
Audierne;29003;PAC (aérothermie et géothermie);Chaleur;5252.0;7349.0;29;003
Audierne;29003;Solaire PV;Electricité;136.0;186.0;29;003
Audierne;29003;Solaire thermique;Chaleur;87.0;120.0;29;003
Bannalec;29004;Bois énergie chaufferies;Chaleur;925.0;540.0;29;004
Bannalec;29004;Bois énergie domestique;Chaleur;11252.0;14034.0;29;004
Bannalec;29004;Hydroélectricité;Electricité;0.0;0.0;29;004
Bannalec;29004;PAC (aérothermie et géothermie);Chaleur;4924.0;6890.0;29;004
Bannalec;29004;Solaire PV;Electricité;245.0;392.0;29;004
Bannalec;29004;Solaire thermique;Chaleur;82.0;110.0;29;004
Baye;29005;Bois énergie domestique;Chaleur;2390.0;2981.0;29;005
Baye;29005;Hydroélectricité;Electricité;0.0;0.0;29;005
Baye;29005;PAC (aérothermie et géothermie);Chaleur;998.0;1397.0;29;005
Baye;29005;Solaire PV;Electricité;32.0;53.0;29;005
Baye;29005;Solaire thermique;Chaleur;17.0;20.0;29;005
Bénodet;29006;Bois énergie domestique;Chaleur;4523.0;5642.0;29;006
Bénodet;29006;Hydroélectricité;Electricité;0.0;0.0;29;006
Bénodet;29006;PAC (aérothermie et géothermie);Chaleur;4308.0;6027.0;29;006
Bénodet;29006;Solaire PV;Electricité;87.0;108.0;29;006
Bénodet;29006;Solaire thermique;Chaleur;71.0;100.0;29;006
Berrien;29007;Bois énergie domestique;Chaleur;2310.0;2881.0;29;007
Berrien;29007;Hydroélectricité;Electricité;0.0;0.0;29;007
Berrien;29007;PAC (aérothermie et géothermie);Chaleur;1315.0;1840.0;29;007
Berrien;29007;Solaire PV;Electricité;57.0;84.0;29;007
Berrien;29007;Solaire thermique;Chaleur;22.0;30.0;29;007
Beuzec-Cap-Sizun;29008;Bois énergie domestique;Chaleur;2331.0;2907.0;29;008
Beuzec-Cap-Sizun;29008;Éolien terrestre;Electricité;1897.0;1500.0;29;008
Beuzec-Cap-Sizun;29008;Hydroélectricité;Electricité;0.0;0.0;29;008
Beuzec-Cap-Sizun;29008;Méthanisation;Chaleur;2662.0;615.0;29;008
Beuzec-Cap-Sizun;29008;Méthanisation;Electricité;2306.0;533.0;29;008
Beuzec-Cap-Sizun;29008;PAC (aérothermie et géothermie);Chaleur;1231.0;1723.0;29;008
Beuzec-Cap-Sizun;29008;Solaire PV;Electricité;289.0;346.0;29;008
Beuzec-Cap-Sizun;29008;Solaire thermique;Chaleur;20.0;30.0;29;008
Bodilis;29010;Bois énergie domestique;Chaleur;2613.0;3259.0;29;010
Bodilis;29010;Hydroélectricité;Electricité;0.0;0.0;29;010
Bodilis;29010;PAC (aérothermie et géothermie);Chaleur;1083.0;1515.0;29;010
Bodilis;29010;Solaire PV;Electricité;49.0;87.0;29;010
Bodilis;29010;Solaire thermique;Chaleur;18.0;30.0;29;010
Bohars;29011;Bois énergie domestique;Chaleur;4027.0;5023.0;29;011
Bohars;29011;Fossile;Chaleur;7890.0;2188.0;29;011
Bohars;29011;Fossile;Electricité;7013.0;1945.0;29;011
Bohars;29011;Hydroélectricité;Electricité;0.0;0.0;29;011
Bohars;29011;Méthanisation;Biométhane;7045.9;714.0;29;011
Bohars;29011;PAC (aérothermie et géothermie);Chaleur;2193.0;3068.0;29;011
Bohars;29011;Solaire PV;Electricité;103.0;293.0;29;011
Bohars;29011;Solaire thermique;Chaleur;36.0;50.0;29;011
Bolazec;29012;Bois énergie domestique;Chaleur;543.0;677.0;29;012
Bolazec;29012;Hydroélectricité;Electricité;0.0;0.0;29;012
Bolazec;29012;PAC (aérothermie et géothermie);Chaleur;294.0;411.0;29;012
Bolazec;29012;Solaire thermique;Chaleur;5.0;10.0;29;012
Botmeur;29013;Bois énergie domestique;Chaleur;564.0;704.0;29;013
Botmeur;29013;Hydroélectricité;Electricité;0.0;0.0;29;013
Botmeur;29013;PAC (aérothermie et géothermie);Chaleur;343.0;480.0;29;013
Botmeur;29013;Solaire thermique;Chaleur;6.0;10.0;29;013
Botsorhel;29014;Bois énergie domestique;Chaleur;896.0;1117.0;29;014
Botsorhel;29014;Hydroélectricité;Electricité;0.0;0.0;29;014
Botsorhel;29014;Méthanisation;Chaleur;1050.0;126.0;29;014
Botsorhel;29014;Méthanisation;Electricité;833.0;100.0;29;014
Botsorhel;29014;PAC (aérothermie et géothermie);Chaleur;524.0;734.0;29;014
Botsorhel;29014;Solaire thermique;Chaleur;9.0;10.0;29;014
Bourg-Blanc;29015;Bois énergie domestique;Chaleur;5417.0;6756.0;29;015
Bourg-Blanc;29015;Éolien terrestre;Electricité;15.0;10.0;29;015
Bourg-Blanc;29015;Hydroélectricité;Electricité;0.0;0.0;29;015
Bourg-Blanc;29015;Méthanisation;Chaleur;0.0;0.0;29;015
Bourg-Blanc;29015;PAC (aérothermie et géothermie);Chaleur;2440.0;3414.0;29;015
Bourg-Blanc;29015;Solaire PV;Electricité;261.0;344.0;29;015
Bourg-Blanc;29015;Solaire thermique;Chaleur;40.0;60.0;29;015
Brasparts;29016;Bois énergie chaufferies;Chaleur;1547.0;550.0;29;016
Brasparts;29016;Bois énergie domestique;Chaleur;2360.0;2943.0;29;016
Brasparts;29016;Hydroélectricité;Electricité;0.0;0.0;29;016
Brasparts;29016;PAC (aérothermie et géothermie);Chaleur;1268.0;1774.0;29;016
Brasparts;29016;Solaire PV;Electricité;191.0;180.0;29;016
Brasparts;29016;Solaire thermique;Chaleur;21.0;30.0;29;016
Brélès;29017;Bois énergie domestique;Chaleur;1508.0;1881.0;29;017
Brélès;29017;Hydroélectricité;Electricité;0.0;0.0;29;017
Brélès;29017;PAC (aérothermie et géothermie);Chaleur;720.0;1007.0;29;017
Brélès;29017;Solaire PV;Electricité;226.0;242.0;29;017
Brélès;29017;Solaire thermique;Chaleur;12.0;20.0;29;017
Brennilis;29018;Bois énergie domestique;Chaleur;1067.0;1331.0;29;018
Brennilis;29018;Fossile;Chaleur;0.0;0.0;29;018
Brennilis;29018;Fossile;Electricité;59532.0;309000.0;29;018
Brennilis;29018;Hydroélectricité;Electricité;0.0;0.0;29;018
Brennilis;29018;PAC (aérothermie et géothermie);Chaleur;635.0;889.0;29;018
Brennilis;29018;Solaire thermique;Chaleur;11.0;10.0;29;018
Brest;29019;Bois énergie chaufferies;Chaleur;28844.0;8500.0;29;019
Brest;29019;Bois énergie domestique;Chaleur;64702.0;80696.0;29;019
Brest;29019;Fossile;Chaleur;21103.0;5970.0;29;019
Brest;29019;Fossile;Electricité;18951.0;31130.0;29;019
Brest;29019;Hydroélectricité;Electricité;0.0;0.0;29;019
Brest;29019;PAC (aérothermie et géothermie);Chaleur;37302.0;52196.0;29;019
Brest;29019;Solaire PV;Electricité;1756.0;3638.0;29;019
Brest;29019;Solaire thermique;Chaleur;618.0;860.0;29;019
Brest;29019;Uiom;Chaleur;129085.0;36500.0;29;019
Brest;29019;Uiom;Electricité;19365.0;3200.0;29;019
Briec;29020;Bois énergie chaufferies;Chaleur;979.0;850.0;29;020
Briec;29020;Bois énergie domestique;Chaleur;8263.0;10305.0;29;020
Briec;29020;Hydroélectricité;Electricité;0.0;0.0;29;020
Briec;29020;PAC (aérothermie et géothermie);Chaleur;3989.0;5582.0;29;020
Briec;29020;Solaire PV;Electricité;1721.0;1966.0;29;020
Briec;29020;Solaire thermique;Chaleur;66.0;90.0;29;020
Briec;29020;Uiom;Chaleur;31157.0;13000.0;29;020
Briec;29020;Uiom;Electricité;24637.0;3500.0;29;020
Plounéour-Brignogan-plages;29021;Bois énergie chaufferies;Chaleur;290.0;200.0;29;021
Plounéour-Brignogan-plages;29021;Bois énergie domestique;Chaleur;5157.0;6432.0;29;021
Plounéour-Brignogan-plages;29021;Hydroélectricité;Electricité;0.0;0.0;29;021
Plounéour-Brignogan-plages;29021;PAC (aérothermie et géothermie);Chaleur;3439.0;4812.0;29;021
Plounéour-Brignogan-plages;29021;Solaire PV;Electricité;268.0;304.0;29;021
Plounéour-Brignogan-plages;29021;Solaire thermique;Chaleur;57.0;80.0;29;021
Camaret-sur-Mer;29022;Bois énergie domestique;Chaleur;6056.0;7554.0;29;022
Camaret-sur-Mer;29022;Hydroélectricité;Electricité;0.0;0.0;29;022
Camaret-sur-Mer;29022;PAC (aérothermie et géothermie);Chaleur;3680.0;5150.0;29;022
Camaret-sur-Mer;29022;Solaire PV;Electricité;53.0;76.0;29;022
Camaret-sur-Mer;29022;Solaire thermique;Chaleur;61.0;90.0;29;022
Carantec;29023;Bois énergie domestique;Chaleur;6727.0;8390.0;29;023
Carantec;29023;Hydroélectricité;Electricité;0.0;0.0;29;023
Carantec;29023;PAC (aérothermie et géothermie);Chaleur;4546.0;6362.0;29;023
Carantec;29023;Solaire PV;Electricité;68.0;96.0;29;023
Carantec;29023;Solaire thermique;Chaleur;75.0;110.0;29;023
Carhaix-Plouguer;29024;Bois énergie chaufferies;Chaleur;1577.0;600.0;29;024
Carhaix-Plouguer;29024;Bois énergie domestique;Chaleur;8712.0;10866.0;29;024
Carhaix-Plouguer;29024;Fossile;Chaleur;0.0;0.0;29;024
Carhaix-Plouguer;29024;Fossile;Electricité;0.0;0.0;29;024
Carhaix-Plouguer;29024;Hydroélectricité;Electricité;0.0;0.0;29;024
Carhaix-Plouguer;29024;Méthanisation;Chaleur;0.0;0.0;29;024
Carhaix-Plouguer;29024;PAC (aérothermie et géothermie);Chaleur;5505.0;7703.0;29;024
Carhaix-Plouguer;29024;Solaire PV;Electricité;562.0;1098.0;29;024
Carhaix-Plouguer;29024;Solaire thermique;Chaleur;91.0;130.0;29;024
Carhaix-Plouguer;29024;Uiom;Chaleur;42667.0;9289.0;29;024
Carhaix-Plouguer;29024;Uiom;Electricité;0.0;0.0;29;024
Cast;29025;Bois énergie domestique;Chaleur;3243.0;4045.0;29;025
Cast;29025;Éolien terrestre;Electricité;26799.0;10000.0;29;025
Cast;29025;Hydroélectricité;Electricité;0.0;0.0;29;025
Cast;29025;PAC (aérothermie et géothermie);Chaleur;1510.0;2113.0;29;025
Cast;29025;Solaire PV;Electricité;204.0;216.0;29;025
Cast;29025;Solaire thermique;Chaleur;25.0;30.0;29;025
Châteaulin;29026;Bois énergie domestique;Chaleur;7322.0;9132.0;29;026
Châteaulin;29026;Éolien terrestre;Electricité;12049.0;7500.0;29;026
Châteaulin;29026;Hydroélectricité;Electricité;0.0;0.0;29;026
Châteaulin;29026;Méthanisation;Biométhane;29610.2;4591.0;29;026
Châteaulin;29026;PAC (aérothermie et géothermie);Chaleur;3234.0;4525.0;29;026
Châteaulin;29026;Solaire PV;Electricité;525.0;575.0;29;026
Châteaulin;29026;Solaire thermique;Chaleur;54.0;70.0;29;026
Châteauneuf-du-Faou;29027;Bois énergie chaufferies;Chaleur;634.0;455.0;29;027
Châteauneuf-du-Faou;29027;Bois énergie domestique;Chaleur;7424.0;9259.0;29;027
Châteauneuf-du-Faou;29027;Hydroélectricité;Electricité;0.0;0.0;29;027
Châteauneuf-du-Faou;29027;PAC (aérothermie et géothermie);Chaleur;3438.0;4811.0;29;027
Châteauneuf-du-Faou;29027;Solaire PV;Electricité;573.0;637.0;29;027
Châteauneuf-du-Faou;29027;Solaire thermique;Chaleur;57.0;80.0;29;027
Cléden-Cap-Sizun;29028;Bois énergie domestique;Chaleur;2418.0;3016.0;29;028
Cléden-Cap-Sizun;29028;Hydroélectricité;Electricité;0.0;0.0;29;028
Cléden-Cap-Sizun;29028;Méthanisation;Chaleur;749.0;128.0;29;028
Cléden-Cap-Sizun;29028;Méthanisation;Electricité;609.0;104.0;29;028
Cléden-Cap-Sizun;29028;PAC (aérothermie et géothermie);Chaleur;1482.0;2074.0;29;028
Cléden-Cap-Sizun;29028;Solaire PV;Electricité;198.0;200.0;29;028
Cléden-Cap-Sizun;29028;Solaire thermique;Chaleur;25.0;30.0;29;028
Cléden-Poher;29029;Bois énergie domestique;Chaleur;2586.0;3225.0;29;029
Cléden-Poher;29029;Hydroélectricité;Electricité;0.0;0.0;29;029
Cléden-Poher;29029;PAC (aérothermie et géothermie);Chaleur;1199.0;1678.0;29;029
Cléden-Poher;29029;Solaire PV;Electricité;229.0;298.0;29;029
Cléden-Poher;29029;Solaire thermique;Chaleur;20.0;30.0;29;029
Cléder;29030;Bois énergie chaufferies;Chaleur;30619.0;12350.0;29;030
Cléder;29030;Bois énergie domestique;Chaleur;8511.0;10615.0;29;030
Cléder;29030;Fossile;Chaleur;53674.0;23076.0;29;030
Cléder;29030;Fossile;Electricité;47711.0;20511.0;29;030
Cléder;29030;Hydroélectricité;Electricité;0.0;0.0;29;030
Cléder;29030;PAC (aérothermie et géothermie);Chaleur;4539.0;6351.0;29;030
Cléder;29030;Solaire PV;Electricité;1180.0;1231.0;29;030
Cléder;29030;Solaire thermique;Chaleur;75.0;110.0;29;030
Clohars-Carnoët;29031;Bois énergie chaufferies;Chaleur;209.0;200.0;29;031
Clohars-Carnoët;29031;Bois énergie domestique;Chaleur;10340.0;12896.0;29;031
Clohars-Carnoët;29031;Hydroélectricité;Electricité;0.0;0.0;29;031
Clohars-Carnoët;29031;PAC (aérothermie et géothermie);Chaleur;6359.0;8898.0;29;031
Clohars-Carnoët;29031;Solaire PV;Electricité;167.0;255.0;29;031
Clohars-Carnoët;29031;Solaire thermique;Chaleur;105.0;150.0;29;031
Clohars-Fouesnant;29032;Bois énergie domestique;Chaleur;2955.0;3686.0;29;032
Clohars-Fouesnant;29032;Hydroélectricité;Electricité;0.0;0.0;29;032
Clohars-Fouesnant;29032;PAC (aérothermie et géothermie);Chaleur;1884.0;2636.0;29;032
Clohars-Fouesnant;29032;Solaire PV;Electricité;52.0;96.0;29;032
Clohars-Fouesnant;29032;Solaire thermique;Chaleur;31.0;40.0;29;032
Le Cloître-Pleyben;29033;Bois énergie domestique;Chaleur;1226.0;1530.0;29;033
Le Cloître-Pleyben;29033;Hydroélectricité;Electricité;0.0;0.0;29;033
Le Cloître-Pleyben;29033;PAC (aérothermie et géothermie);Chaleur;615.0;860.0;29;033
Le Cloître-Pleyben;29033;Solaire thermique;Chaleur;10.0;10.0;29;033
Le Cloître-Saint-Thégonnec;29034;Bois énergie domestique;Chaleur;1194.0;1489.0;29;034
Le Cloître-Saint-Thégonnec;29034;Hydroélectricité;Electricité;0.0;0.0;29;034
Le Cloître-Saint-Thégonnec;29034;PAC (aérothermie et géothermie);Chaleur;671.0;939.0;29;034
Le Cloître-Saint-Thégonnec;29034;Solaire PV;Electricité;147.0;192.0;29;034
Le Cloître-Saint-Thégonnec;29034;Solaire thermique;Chaleur;11.0;20.0;29;034
Coat-Méal;29035;Bois énergie domestique;Chaleur;1719.0;2144.0;29;035
Coat-Méal;29035;Hydroélectricité;Electricité;0.0;0.0;29;035
Coat-Méal;29035;PAC (aérothermie et géothermie);Chaleur;772.0;1080.0;29;035
Coat-Méal;29035;Solaire PV;Electricité;137.0;113.0;29;035
Coat-Méal;29035;Solaire thermique;Chaleur;13.0;20.0;29;035
Collorec;29036;Bois énergie domestique;Chaleur;1551.0;1935.0;29;036
Collorec;29036;Éolien terrestre;Electricité;13755.0;8000.0;29;036
Collorec;29036;Hydroélectricité;Electricité;0.0;0.0;29;036
Collorec;29036;PAC (aérothermie et géothermie);Chaleur;865.0;1211.0;29;036
Collorec;29036;Solaire thermique;Chaleur;14.0;20.0;29;036
Combrit;29037;Bois énergie domestique;Chaleur;8323.0;10380.0;29;037
Combrit;29037;Hydroélectricité;Electricité;0.0;0.0;29;037
Combrit;29037;PAC (aérothermie et géothermie);Chaleur;5211.0;7291.0;29;037
Combrit;29037;Solaire PV;Electricité;113.0;165.0;29;037
Combrit;29037;Solaire thermique;Chaleur;86.0;120.0;29;037
Commana;29038;Bois énergie chaufferies;Chaleur;151.0;80.0;29;038
Commana;29038;Bois énergie domestique;Chaleur;2255.0;2813.0;29;038
Commana;29038;Hydroélectricité;Electricité;0.0;0.0;29;038
Commana;29038;Méthanisation;Biométhane;13638.6;1275.0;29;038
Commana;29038;PAC (aérothermie et géothermie);Chaleur;1199.0;1677.0;29;038
Commana;29038;Solaire PV;Electricité;791.0;894.0;29;038
Commana;29038;Solaire thermique;Chaleur;20.0;30.0;29;038
Concarneau;29039;Bois énergie chaufferies;Chaleur;4634.0;1600.0;29;039
Concarneau;29039;Bois énergie domestique;Chaleur;22514.0;28080.0;29;039
Concarneau;29039;Hydroélectricité;Electricité;0.0;0.0;29;039
Concarneau;29039;PAC (aérothermie et géothermie);Chaleur;14848.0;20776.0;29;039
Concarneau;29039;Solaire PV;Electricité;696.0;1461.0;29;039
Concarneau;29039;Solaire thermique;Chaleur;246.0;340.0;29;039
Concarneau;29039;Uiom;Chaleur;18820.0;16740.0;29;039
Concarneau;29039;Uiom;Electricité;11741.0;2900.0;29;039
Le Conquet;29040;Bois énergie domestique;Chaleur;4980.0;6211.0;29;040
Le Conquet;29040;Hydroélectricité;Electricité;0.0;0.0;29;040
Le Conquet;29040;PAC (aérothermie et géothermie);Chaleur;2875.0;4023.0;29;040
Le Conquet;29040;Solaire PV;Electricité;54.0;86.0;29;040
Le Conquet;29040;Solaire thermique;Chaleur;48.0;70.0;29;040
Coray;29041;Bois énergie domestique;Chaleur;3395.0;4234.0;29;041
Coray;29041;Hydroélectricité;Electricité;0.0;0.0;29;041
Coray;29041;PAC (aérothermie et géothermie);Chaleur;1688.0;2362.0;29;041
Coray;29041;Solaire PV;Electricité;80.0;126.0;29;041
Coray;29041;Solaire thermique;Chaleur;28.0;40.0;29;041
Crozon;29042;Bois énergie chaufferies;Chaleur;1422.0;680.0;29;042
Crozon;29042;Bois énergie domestique;Chaleur;16680.0;20803.0;29;042
Crozon;29042;Fossile;Chaleur;0.0;0.0;29;042
Crozon;29042;Fossile;Electricité;0.0;8700.0;29;042
Crozon;29042;Hydroélectricité;Electricité;0.0;0.0;29;042
Crozon;29042;PAC (aérothermie et géothermie);Chaleur;10572.0;14793.0;29;042
Crozon;29042;Solaire PV;Electricité;2675.0;2277.0;29;042
Crozon;29042;Solaire thermique;Chaleur;175.0;240.0;29;042
Daoulas;29043;Bois énergie chaufferies;Chaleur;92.0;150.0;29;043
Daoulas;29043;Bois énergie domestique;Chaleur;3080.0;3841.0;29;043
Daoulas;29043;Hydroélectricité;Electricité;0.0;0.0;29;043
Daoulas;29043;PAC (aérothermie et géothermie);Chaleur;1439.0;2014.0;29;043
Daoulas;29043;Solaire PV;Electricité;42.0;54.0;29;043
Daoulas;29043;Solaire thermique;Chaleur;24.0;30.0;29;043
Dinéault;29044;Bois énergie chaufferies;Chaleur;88.0;50.0;29;044
Dinéault;29044;Bois énergie domestique;Chaleur;2925.0;3648.0;29;044
Dinéault;29044;Éolien terrestre;Electricité;1157.0;1200.0;29;044
Dinéault;29044;Hydroélectricité;Electricité;0.0;0.0;29;044
Dinéault;29044;PAC (aérothermie et géothermie);Chaleur;1400.0;1959.0;29;044
Dinéault;29044;Solaire PV;Electricité;54.0;70.0;29;044
Dinéault;29044;Solaire thermique;Chaleur;23.0;30.0;29;044
Dirinon;29045;Bois énergie chaufferies;Chaleur;158.0;110.0;29;045
Dirinon;29045;Bois énergie domestique;Chaleur;3638.0;4537.0;29;045
Dirinon;29045;Éolien terrestre;Electricité;1628.0;1700.0;29;045
Dirinon;29045;Fossile;Chaleur;0.0;0.0;29;045
Dirinon;29045;Fossile;Electricité;35854.0;184000.0;29;045
Dirinon;29045;Hydroélectricité;Electricité;0.0;0.0;29;045
Dirinon;29045;PAC (aérothermie et géothermie);Chaleur;1735.0;2427.0;29;045
Dirinon;29045;Solaire PV;Electricité;570.0;590.0;29;045
Dirinon;29045;Solaire thermique;Chaleur;29.0;40.0;29;045
Douarnenez;29046;Bois énergie chaufferies;Chaleur;1414.0;400.0;29;046
Douarnenez;29046;Bois énergie domestique;Chaleur;16492.0;20569.0;29;046
Douarnenez;29046;Hydroélectricité;Electricité;0.0;0.0;29;046
Douarnenez;29046;PAC (aérothermie et géothermie);Chaleur;11250.0;15742.0;29;046
Douarnenez;29046;Solaire PV;Electricité;201.0;296.0;29;046
Douarnenez;29046;Solaire thermique;Chaleur;186.0;260.0;29;046
Le Drennec;29047;Bois énergie domestique;Chaleur;3008.0;3752.0;29;047
Le Drennec;29047;Hydroélectricité;Electricité;0.0;0.0;29;047
Le Drennec;29047;Méthanisation;Biométhane;9521.4;1020.0;29;047
Le Drennec;29047;PAC (aérothermie et géothermie);Chaleur;1359.0;1902.0;29;047
Le Drennec;29047;Solaire PV;Electricité;140.0;224.0;29;047
Le Drennec;29047;Solaire thermique;Chaleur;23.0;30.0;29;047
Edern;29048;Bois énergie chaufferies;Chaleur;32.0;55.0;29;048
Edern;29048;Bois énergie domestique;Chaleur;3718.0;4637.0;29;048
Edern;29048;Hydroélectricité;Electricité;0.0;0.0;29;048
Edern;29048;PAC (aérothermie et géothermie);Chaleur;1742.0;2438.0;29;048
Edern;29048;Solaire PV;Electricité;560.0;537.0;29;048
Edern;29048;Solaire thermique;Chaleur;29.0;40.0;29;048
Elliant;29049;Bois énergie domestique;Chaleur;5742.0;7162.0;29;049
Elliant;29049;Hydroélectricité;Electricité;0.0;0.0;29;049
Elliant;29049;PAC (aérothermie et géothermie);Chaleur;2824.0;3951.0;29;049
Elliant;29049;Solaire PV;Electricité;266.0;306.0;29;049
Elliant;29049;Solaire thermique;Chaleur;47.0;70.0;29;049
Ergué-Gabéric;29051;Bois énergie domestique;Chaleur;13435.0;16755.0;29;051
Ergué-Gabéric;29051;Éolien terrestre;Electricité;45.0;30.0;29;051
Ergué-Gabéric;29051;Hydroélectricité;Electricité;0.0;0.0;29;051
Ergué-Gabéric;29051;PAC (aérothermie et géothermie);Chaleur;5996.0;8390.0;29;051
Ergué-Gabéric;29051;Solaire PV;Electricité;255.0;442.0;29;051
Ergué-Gabéric;29051;Solaire thermique;Chaleur;99.0;140.0;29;051
Le Faou;29053;Bois énergie chaufferies;Chaleur;859.0;225.0;29;053
Le Faou;29053;Bois énergie domestique;Chaleur;2985.0;3723.0;29;053
Le Faou;29053;Hydroélectricité;Electricité;0.0;0.0;29;053
Le Faou;29053;PAC (aérothermie et géothermie);Chaleur;1571.0;2198.0;29;053
Le Faou;29053;Solaire PV;Electricité;27.0;140.0;29;053
Le Faou;29053;Solaire thermique;Chaleur;26.0;40.0;29;053
La Feuillée;29054;Bois énergie domestique;Chaleur;1601.0;1996.0;29;054
La Feuillée;29054;Hydroélectricité;Electricité;0.0;0.0;29;054
La Feuillée;29054;PAC (aérothermie et géothermie);Chaleur;942.0;1318.0;29;054
La Feuillée;29054;Solaire thermique;Chaleur;16.0;20.0;29;054
Le Folgoët;29055;Bois énergie domestique;Chaleur;4584.0;5717.0;29;055
Le Folgoët;29055;Hydroélectricité;Electricité;0.0;0.0;29;055
Le Folgoët;29055;PAC (aérothermie et géothermie);Chaleur;2552.0;3572.0;29;055
Le Folgoët;29055;Solaire PV;Electricité;208.0;238.0;29;055
Le Folgoët;29055;Solaire thermique;Chaleur;42.0;60.0;29;055
La Forest-Landerneau;29056;Bois énergie domestique;Chaleur;3202.0;3993.0;29;056
La Forest-Landerneau;29056;Hydroélectricité;Electricité;0.0;0.0;29;056
La Forest-Landerneau;29056;PAC (aérothermie et géothermie);Chaleur;1451.0;2030.0;29;056
La Forest-Landerneau;29056;Solaire PV;Electricité;53.0;79.0;29;056
La Forest-Landerneau;29056;Solaire thermique;Chaleur;24.0;30.0;29;056
La Forêt-Fouesnant;29057;Bois énergie domestique;Chaleur;6319.0;7881.0;29;057
La Forêt-Fouesnant;29057;Hydroélectricité;Electricité;0.0;0.0;29;057
La Forêt-Fouesnant;29057;PAC (aérothermie et géothermie);Chaleur;3783.0;5293.0;29;057
La Forêt-Fouesnant;29057;Solaire PV;Electricité;86.0;139.0;29;057
La Forêt-Fouesnant;29057;Solaire thermique;Chaleur;63.0;90.0;29;057
Fouesnant;29058;Bois énergie domestique;Chaleur;14881.0;18559.0;29;058
Fouesnant;29058;Éolien terrestre;Electricité;15.0;10.0;29;058
Fouesnant;29058;Hydroélectricité;Electricité;0.0;0.0;29;058
Fouesnant;29058;PAC (aérothermie et géothermie);Chaleur;11243.0;15732.0;29;058
Fouesnant;29058;Solaire PV;Electricité;615.0;769.0;29;058
Fouesnant;29058;Solaire thermique;Chaleur;186.0;260.0;29;058
Garlan;29059;Bois énergie chaufferies;Chaleur;237.0;300.0;29;059
Garlan;29059;Bois énergie domestique;Chaleur;1775.0;2214.0;29;059
Garlan;29059;Hydroélectricité;Electricité;0.0;0.0;29;059
Garlan;29059;PAC (aérothermie et géothermie);Chaleur;856.0;1198.0;29;059
Garlan;29059;Solaire PV;Electricité;36.0;43.0;29;059
Garlan;29059;Solaire thermique;Chaleur;14.0;20.0;29;059
Gouesnach;29060;Bois énergie domestique;Chaleur;4200.0;5239.0;29;060
Gouesnach;29060;Hydroélectricité;Electricité;0.0;0.0;29;060
Gouesnach;29060;PAC (aérothermie et géothermie);Chaleur;2571.0;3598.0;29;060
Gouesnach;29060;Solaire PV;Electricité;63.0;116.0;29;060
Gouesnach;29060;Solaire thermique;Chaleur;43.0;60.0;29;060
Gouesnou;29061;Bois énergie domestique;Chaleur;7616.0;9499.0;29;061
Gouesnou;29061;Fossile;Chaleur;30421.0;16702.0;29;061
Gouesnou;29061;Fossile;Electricité;27040.0;14846.0;29;061
Gouesnou;29061;Hydroélectricité;Electricité;0.0;0.0;29;061
Gouesnou;29061;PAC (aérothermie et géothermie);Chaleur;4198.0;5874.0;29;061
Gouesnou;29061;Solaire PV;Electricité;217.0;277.0;29;061
Gouesnou;29061;Solaire thermique;Chaleur;70.0;100.0;29;061
Gouézec;29062;Bois énergie chaufferies;Chaleur;115.0;60.0;29;062
Gouézec;29062;Bois énergie domestique;Chaleur;2084.0;2599.0;29;062
Gouézec;29062;Hydroélectricité;Electricité;0.0;0.0;29;062
Gouézec;29062;PAC (aérothermie et géothermie);Chaleur;1119.0;1565.0;29;062
Gouézec;29062;Solaire PV;Electricité;302.0;394.0;29;062
Gouézec;29062;Solaire thermique;Chaleur;19.0;30.0;29;062
Goulien;29063;Bois énergie domestique;Chaleur;1074.0;1340.0;29;063
Goulien;29063;Éolien terrestre;Electricité;14686.0;6400.0;29;063
Goulien;29063;Hydroélectricité;Electricité;0.0;0.0;29;063
Goulien;29063;PAC (aérothermie et géothermie);Chaleur;570.0;798.0;29;063
Goulien;29063;Solaire PV;Electricité;256.0;207.0;29;063
Goulien;29063;Solaire thermique;Chaleur;9.0;10.0;29;063
Goulven;29064;Bois énergie domestique;Chaleur;981.0;1224.0;29;064
Goulven;29064;Hydroélectricité;Electricité;0.0;0.0;29;064
Goulven;29064;PAC (aérothermie et géothermie);Chaleur;474.0;663.0;29;064
Goulven;29064;Solaire PV;Electricité;110.0;100.0;29;064
Goulven;29064;Solaire thermique;Chaleur;8.0;10.0;29;064
Gourlizon;29065;Bois énergie domestique;Chaleur;1634.0;2038.0;29;065
Gourlizon;29065;Hydroélectricité;Electricité;0.0;0.0;29;065
Gourlizon;29065;PAC (aérothermie et géothermie);Chaleur;789.0;1104.0;29;065
Gourlizon;29065;Solaire PV;Electricité;155.0;154.0;29;065
Gourlizon;29065;Solaire thermique;Chaleur;13.0;20.0;29;065
Guengat;29066;Bois énergie domestique;Chaleur;3138.0;3914.0;29;066
Guengat;29066;Hydroélectricité;Electricité;0.0;0.0;29;066
Guengat;29066;PAC (aérothermie et géothermie);Chaleur;1452.0;2031.0;29;066
Guengat;29066;Solaire PV;Electricité;118.0;299.0;29;066
Guengat;29066;Solaire thermique;Chaleur;24.0;30.0;29;066
Guerlesquin;29067;Bois énergie domestique;Chaleur;2855.0;3561.0;29;067
Guerlesquin;29067;Éolien terrestre;Electricité;1658.0;1600.0;29;067
Guerlesquin;29067;Hydroélectricité;Electricité;0.0;0.0;29;067
Guerlesquin;29067;PAC (aérothermie et géothermie);Chaleur;1335.0;1868.0;29;067
Guerlesquin;29067;Solaire PV;Electricité;24.0;34.0;29;067
Guerlesquin;29067;Solaire thermique;Chaleur;22.0;30.0;29;067
Guiclan;29068;Bois énergie chaufferies;Chaleur;1080.0;460.0;29;068
Guiclan;29068;Bois énergie domestique;Chaleur;4652.0;5802.0;29;068
Guiclan;29068;Hydroélectricité;Electricité;0.0;0.0;29;068
Guiclan;29068;Méthanisation;Chaleur;113.0;22.0;29;068
Guiclan;29068;Méthanisation;Electricité;113.0;22.0;29;068
Guiclan;29068;PAC (aérothermie et géothermie);Chaleur;2006.0;2807.0;29;068
Guiclan;29068;Solaire PV;Electricité;651.0;988.0;29;068
Guiclan;29068;Solaire thermique;Chaleur;33.0;50.0;29;068
Guilers;29069;Bois énergie chaufferies;Chaleur;344.0;200.0;29;069
Guilers;29069;Bois énergie domestique;Chaleur;9668.0;12058.0;29;069
Guilers;29069;Fossile;Chaleur;18539.0;6698.0;29;069
Guilers;29069;Fossile;Electricité;16478.0;5953.0;29;069
Guilers;29069;Hydroélectricité;Electricité;0.0;0.0;29;069
Guilers;29069;Méthanisation;Biométhane;9456.1;1275.0;29;069
Guilers;29069;PAC (aérothermie et géothermie);Chaleur;5298.0;7414.0;29;069
Guilers;29069;Solaire PV;Electricité;223.0;503.0;29;069
Guilers;29069;Solaire thermique;Chaleur;88.0;120.0;29;069
Guiler-sur-Goyen;29070;Bois énergie domestique;Chaleur;994.0;1239.0;29;070
Guiler-sur-Goyen;29070;Éolien terrestre;Electricité;3312.0;3000.0;29;070
Guiler-sur-Goyen;29070;Hydroélectricité;Electricité;0.0;0.0;29;070
Guiler-sur-Goyen;29070;PAC (aérothermie et géothermie);Chaleur;478.0;668.0;29;070
Guiler-sur-Goyen;29070;Solaire PV;Electricité;102.0;99.0;29;070
Guiler-sur-Goyen;29070;Solaire thermique;Chaleur;8.0;10.0;29;070
Guilligomarc'h;29071;Bois énergie chaufferies;Chaleur;40.0;40.0;29;071
Guilligomarc'h;29071;Bois énergie domestique;Chaleur;1565.0;1951.0;29;071
Guilligomarc'h;29071;Hydroélectricité;Electricité;0.0;0.0;29;071
Guilligomarc'h;29071;PAC (aérothermie et géothermie);Chaleur;731.0;1023.0;29;071
Guilligomarc'h;29071;Solaire thermique;Chaleur;12.0;20.0;29;071
Guilvinec;29072;Bois énergie domestique;Chaleur;4846.0;6044.0;29;072
Guilvinec;29072;Hydroélectricité;Electricité;0.0;0.0;29;072
Guilvinec;29072;PAC (aérothermie et géothermie);Chaleur;4043.0;5657.0;29;072
Guilvinec;29072;Solaire PV;Electricité;112.0;123.0;29;072
Guilvinec;29072;Solaire thermique;Chaleur;67.0;90.0;29;072
Guimaëc;29073;Bois énergie chaufferies;Chaleur;7547.0;3500.0;29;073
Guimaëc;29073;Bois énergie domestique;Chaleur;2305.0;2874.0;29;073
Guimaëc;29073;Hydroélectricité;Electricité;0.0;0.0;29;073
Guimaëc;29073;PAC (aérothermie et géothermie);Chaleur;1246.0;1743.0;29;073
Guimaëc;29073;Solaire thermique;Chaleur;21.0;30.0;29;073
Guimiliau;29074;Bois énergie domestique;Chaleur;1960.0;2445.0;29;074
Guimiliau;29074;Hydroélectricité;Electricité;0.0;0.0;29;074
Guimiliau;29074;PAC (aérothermie et géothermie);Chaleur;871.0;1219.0;29;074
Guimiliau;29074;Solaire PV;Electricité;227.0;224.0;29;074
Guimiliau;29074;Solaire thermique;Chaleur;14.0;20.0;29;074
Guipavas;29075;Bois énergie chaufferies;Chaleur;57102.0;14850.0;29;075
Guipavas;29075;Bois énergie chaufferies;Electricité;24846.0;5000.0;29;075
Guipavas;29075;Bois énergie domestique;Chaleur;17849.0;22262.0;29;075
Guipavas;29075;Fossile;Chaleur;53585.0;27265.0;29;075
Guipavas;29075;Fossile;Electricité;47767.0;32236.0;29;075
Guipavas;29075;Hydroélectricité;Electricité;0.0;0.0;29;075
Guipavas;29075;PAC (aérothermie et géothermie);Chaleur;9758.0;13654.0;29;075
Guipavas;29075;Solaire PV;Electricité;778.0;1347.0;29;075
Guipavas;29075;Solaire thermique;Chaleur;162.0;230.0;29;075
Milizac-Guipronvel;29076;Bois énergie domestique;Chaleur;6929.0;8641.0;29;076
Milizac-Guipronvel;29076;Fossile;Chaleur;57150.0;26693.0;29;076
Milizac-Guipronvel;29076;Fossile;Electricité;60474.0;28129.0;29;076
Milizac-Guipronvel;29076;Hydroélectricité;Electricité;0.0;0.0;29;076
Milizac-Guipronvel;29076;Méthanisation;Chaleur;154.0;30.0;29;076
Milizac-Guipronvel;29076;Méthanisation;Electricité;154.0;30.0;29;076
Milizac-Guipronvel;29076;PAC (aérothermie et géothermie);Chaleur;3040.0;4254.0;29;076
Milizac-Guipronvel;29076;Solaire PV;Electricité;518.0;750.0;29;076
Milizac-Guipronvel;29076;Solaire thermique;Chaleur;50.0;70.0;29;076
Guissény;29077;Bois énergie chaufferies;Chaleur;32.0;60.0;29;077
Guissény;29077;Bois énergie domestique;Chaleur;4170.0;5200.0;29;077
Guissény;29077;Fossile;Chaleur;5956.0;2188.0;29;077
Guissény;29077;Fossile;Electricité;5294.0;1945.0;29;077
Guissény;29077;Hydroélectricité;Electricité;0.0;0.0;29;077
Guissény;29077;PAC (aérothermie et géothermie);Chaleur;2469.0;3455.0;29;077
Guissény;29077;Solaire PV;Electricité;501.0;572.0;29;077
Guissény;29077;Solaire thermique;Chaleur;41.0;60.0;29;077
Hanvec;29078;Bois énergie chaufferies;Chaleur;99.0;70.0;29;078
Hanvec;29078;Bois énergie domestique;Chaleur;3619.0;4514.0;29;078
Hanvec;29078;Hydroélectricité;Electricité;0.0;0.0;29;078
Hanvec;29078;PAC (aérothermie et géothermie);Chaleur;1883.0;2635.0;29;078
Hanvec;29078;Solaire PV;Electricité;233.0;263.0;29;078
Hanvec;29078;Solaire thermique;Chaleur;31.0;40.0;29;078
Henvic;29079;Bois énergie domestique;Chaleur;2529.0;3154.0;29;079
Henvic;29079;Fossile;Chaleur;3871.0;3040.0;29;079
Henvic;29079;Fossile;Electricité;3440.0;2702.0;29;079
Henvic;29079;Hydroélectricité;Electricité;0.0;0.0;29;079
Henvic;29079;Méthanisation;Chaleur;280.0;40.0;29;079
Henvic;29079;PAC (aérothermie et géothermie);Chaleur;1294.0;1810.0;29;079
Henvic;29079;Solaire PV;Electricité;324.0;327.0;29;079
Henvic;29079;Solaire thermique;Chaleur;21.0;30.0;29;079
Hôpital-Camfrout;29080;Bois énergie domestique;Chaleur;4191.0;5227.0;29;080
Hôpital-Camfrout;29080;Hydroélectricité;Electricité;0.0;0.0;29;080
Hôpital-Camfrout;29080;PAC (aérothermie et géothermie);Chaleur;2168.0;3033.0;29;080
Hôpital-Camfrout;29080;Solaire PV;Electricité;28.0;51.0;29;080
Hôpital-Camfrout;29080;Solaire thermique;Chaleur;36.0;50.0;29;080
Huelgoat;29081;Bois énergie domestique;Chaleur;3072.0;3832.0;29;081
Huelgoat;29081;Hydroélectricité;Electricité;1472.0;400.0;29;081
Huelgoat;29081;PAC (aérothermie et géothermie);Chaleur;1802.0;2521.0;29;081
Huelgoat;29081;Solaire PV;Electricité;23.0;38.0;29;081
Huelgoat;29081;Solaire thermique;Chaleur;30.0;40.0;29;081
Île-de-Batz;29082;Bois énergie domestique;Chaleur;1570.0;1958.0;29;082
Île-de-Batz;29082;Hydroélectricité;Electricité;0.0;0.0;29;082
Île-de-Batz;29082;PAC (aérothermie et géothermie);Chaleur;1279.0;1790.0;29;082
Île-de-Batz;29082;Solaire thermique;Chaleur;21.0;30.0;29;082
Île-de-Sein;29083;Bois énergie domestique;Chaleur;835.0;1041.0;29;083
Île-de-Sein;29083;Hydroélectricité;Electricité;0.0;0.0;29;083
Île-de-Sein;29083;PAC (aérothermie et géothermie);Chaleur;587.0;821.0;29;083
Île-de-Sein;29083;Solaire PV;Electricité;96.0;75.0;29;083
Île-de-Sein;29083;Solaire thermique;Chaleur;10.0;10.0;29;083
Île-Molène;29084;Bois énergie domestique;Chaleur;638.0;795.0;29;084
Île-Molène;29084;Hydroélectricité;Electricité;0.0;0.0;29;084
Île-Molène;29084;PAC (aérothermie et géothermie);Chaleur;540.0;756.0;29;084
Île-Molène;29084;Solaire thermique;Chaleur;9.0;10.0;29;084
Île-Tudy;29085;Bois énergie domestique;Chaleur;1948.0;2430.0;29;085
Île-Tudy;29085;Hydroélectricité;Electricité;0.0;0.0;29;085
Île-Tudy;29085;PAC (aérothermie et géothermie);Chaleur;1908.0;2670.0;29;085
Île-Tudy;29085;Solaire PV;Electricité;32.0;33.0;29;085
Île-Tudy;29085;Solaire thermique;Chaleur;32.0;40.0;29;085
Irvillac;29086;Bois énergie chaufferies;Chaleur;122.0;80.0;29;086
Irvillac;29086;Bois énergie domestique;Chaleur;2365.0;2949.0;29;086
Irvillac;29086;Hydroélectricité;Electricité;0.0;0.0;29;086
Irvillac;29086;PAC (aérothermie et géothermie);Chaleur;1080.0;1511.0;29;086
Irvillac;29086;Solaire PV;Electricité;424.0;502.0;29;086
Irvillac;29086;Solaire thermique;Chaleur;18.0;30.0;29;086
Le Juch;29087;Bois énergie domestique;Chaleur;1291.0;1610.0;29;087
Le Juch;29087;Hydroélectricité;Electricité;0.0;0.0;29;087
Le Juch;29087;Méthanisation;Chaleur;518.0;72.0;29;087
Le Juch;29087;Méthanisation;Electricité;554.0;77.0;29;087
Le Juch;29087;PAC (aérothermie et géothermie);Chaleur;688.0;962.0;29;087
Le Juch;29087;Solaire PV;Electricité;335.0;279.0;29;087
Le Juch;29087;Solaire thermique;Chaleur;11.0;20.0;29;087
Kergloff;29089;Bois énergie chaufferies;Chaleur;227.0;250.0;29;089
Kergloff;29089;Bois énergie domestique;Chaleur;1824.0;2275.0;29;089
Kergloff;29089;Hydroélectricité;Electricité;0.0;0.0;29;089
Kergloff;29089;PAC (aérothermie et géothermie);Chaleur;838.0;1173.0;29;089
Kergloff;29089;Solaire PV;Electricité;43.0;83.0;29;089
Kergloff;29089;Solaire thermique;Chaleur;14.0;20.0;29;089
Kerlaz;29090;Bois énergie domestique;Chaleur;1459.0;1819.0;29;090
Kerlaz;29090;Hydroélectricité;Electricité;0.0;0.0;29;090
Kerlaz;29090;PAC (aérothermie et géothermie);Chaleur;746.0;1044.0;29;090
Kerlaz;29090;Solaire PV;Electricité;49.0;72.0;29;090
Kerlaz;29090;Solaire thermique;Chaleur;12.0;20.0;29;090
Kerlouan;29091;Bois énergie chaufferies;Chaleur;6103.0;2000.0;29;091
Kerlouan;29091;Bois énergie domestique;Chaleur;4852.0;6051.0;29;091
Kerlouan;29091;Fossile;Chaleur;3756.0;1701.0;29;091
Kerlouan;29091;Fossile;Electricité;3339.0;1512.0;29;091
Kerlouan;29091;Hydroélectricité;Electricité;0.0;0.0;29;091
Kerlouan;29091;PAC (aérothermie et géothermie);Chaleur;3061.0;4283.0;29;091
Kerlouan;29091;Solaire PV;Electricité;227.0;258.0;29;091
Kerlouan;29091;Solaire thermique;Chaleur;51.0;70.0;29;091
Kernilis;29093;Bois énergie domestique;Chaleur;2108.0;2630.0;29;093
Kernilis;29093;Hydroélectricité;Electricité;0.0;0.0;29;093
Kernilis;29093;Méthanisation;Chaleur;4305.0;525.0;29;093
Kernilis;29093;Méthanisation;Electricité;3772.0;460.0;29;093
Kernilis;29093;PAC (aérothermie et géothermie);Chaleur;987.0;1381.0;29;093
Kernilis;29093;Solaire PV;Electricité;118.0;136.0;29;093
Kernilis;29093;Solaire thermique;Chaleur;16.0;20.0;29;093
Kernouës;29094;Bois énergie domestique;Chaleur;1194.0;1489.0;29;094
Kernouës;29094;Hydroélectricité;Electricité;0.0;0.0;29;094
Kernouës;29094;PAC (aérothermie et géothermie);Chaleur;568.0;795.0;29;094
Kernouës;29094;Solaire PV;Electricité;44.0;59.0;29;094
Kernouës;29094;Solaire thermique;Chaleur;9.0;10.0;29;094
Kersaint-Plabennec;29095;Bois énergie domestique;Chaleur;2357.0;2940.0;29;095
Kersaint-Plabennec;29095;Fossile;Chaleur;15385.0;7414.0;29;095
Kersaint-Plabennec;29095;Fossile;Electricité;13676.0;6590.0;29;095
Kersaint-Plabennec;29095;Hydroélectricité;Electricité;0.0;0.0;29;095
Kersaint-Plabennec;29095;PAC (aérothermie et géothermie);Chaleur;1063.0;1488.0;29;095
Kersaint-Plabennec;29095;Solaire PV;Electricité;52.0;74.0;29;095
Kersaint-Plabennec;29095;Solaire thermique;Chaleur;18.0;20.0;29;095
Lampaul-Guimiliau;29097;Bois énergie domestique;Chaleur;2876.0;3587.0;29;097
Lampaul-Guimiliau;29097;Hydroélectricité;Electricité;0.0;0.0;29;097
Lampaul-Guimiliau;29097;Méthanisation;Chaleur;0.0;0.0;29;097
Lampaul-Guimiliau;29097;PAC (aérothermie et géothermie);Chaleur;1654.0;2315.0;29;097
Lampaul-Guimiliau;29097;Solaire PV;Electricité;248.0;294.0;29;097
Lampaul-Guimiliau;29097;Solaire thermique;Chaleur;27.0;40.0;29;097
Lampaul-Plouarzel;29098;Bois énergie chaufferies;Chaleur;8084.0;3041.0;29;098
Lampaul-Plouarzel;29098;Bois énergie domestique;Chaleur;4309.0;5374.0;29;098
Lampaul-Plouarzel;29098;Hydroélectricité;Electricité;0.0;0.0;29;098
Lampaul-Plouarzel;29098;PAC (aérothermie et géothermie);Chaleur;2482.0;3473.0;29;098
Lampaul-Plouarzel;29098;Solaire PV;Electricité;47.0;74.0;29;098
Lampaul-Plouarzel;29098;Solaire thermique;Chaleur;41.0;60.0;29;098
Lampaul-Ploudalmézeau;29099;Bois énergie domestique;Chaleur;1425.0;1778.0;29;099
Lampaul-Ploudalmézeau;29099;Hydroélectricité;Electricité;0.0;0.0;29;099
Lampaul-Ploudalmézeau;29099;PAC (aérothermie et géothermie);Chaleur;720.0;1007.0;29;099
Lampaul-Ploudalmézeau;29099;Solaire PV;Electricité;131.0;120.0;29;099
Lampaul-Ploudalmézeau;29099;Solaire thermique;Chaleur;12.0;20.0;29;099
Lanarvily;29100;Bois énergie domestique;Chaleur;697.0;870.0;29;100
Lanarvily;29100;Hydroélectricité;Electricité;0.0;0.0;29;100
Lanarvily;29100;PAC (aérothermie et géothermie);Chaleur;327.0;457.0;29;100
Lanarvily;29100;Solaire PV;Electricité;25.0;42.0;29;100
Lanarvily;29100;Solaire thermique;Chaleur;5.0;10.0;29;100
Landéda;29101;Bois énergie domestique;Chaleur;6760.0;8431.0;29;101
Landéda;29101;Fossile;Chaleur;6115.0;1735.0;29;101
Landéda;29101;Fossile;Electricité;5436.0;1542.0;29;101
Landéda;29101;Hydroélectricité;Electricité;0.0;0.0;29;101
Landéda;29101;PAC (aérothermie et géothermie);Chaleur;3792.0;5306.0;29;101
Landéda;29101;Solaire PV;Electricité;97.0;186.0;29;101
Landéda;29101;Solaire thermique;Chaleur;63.0;90.0;29;101
Landeleau;29102;Bois énergie domestique;Chaleur;2243.0;2798.0;29;102
Landeleau;29102;Hydroélectricité;Electricité;0.0;0.0;29;102
Landeleau;29102;PAC (aérothermie et géothermie);Chaleur;1147.0;1604.0;29;102
Landeleau;29102;Solaire PV;Electricité;484.0;483.0;29;102
Landeleau;29102;Solaire thermique;Chaleur;19.0;30.0;29;102
Landerneau;29103;Bois énergie chaufferies;Chaleur;2321.0;800.0;29;103
Landerneau;29103;Bois énergie domestique;Chaleur;15251.0;19021.0;29;103
Landerneau;29103;Hydroélectricité;Electricité;0.0;0.0;29;103
Landerneau;29103;PAC (aérothermie et géothermie);Chaleur;8533.0;11940.0;29;103
Landerneau;29103;Solaire PV;Electricité;353.0;481.0;29;103
Landerneau;29103;Solaire thermique;Chaleur;141.0;200.0;29;103
Landévennec;29104;Bois énergie domestique;Chaleur;888.0;1107.0;29;104
Landévennec;29104;Hydroélectricité;Electricité;0.0;0.0;29;104
Landévennec;29104;PAC (aérothermie et géothermie);Chaleur;620.0;867.0;29;104
Landévennec;29104;Solaire thermique;Chaleur;10.0;10.0;29;104
Landivisiau;29105;Bois énergie chaufferies;Chaleur;69.0;70.0;29;105
Landivisiau;29105;Bois énergie domestique;Chaleur;10257.0;12793.0;29;105
Landivisiau;29105;Fossile;Chaleur;0.0;0.0;29;105
Landivisiau;29105;Fossile;Electricité;1565841.0;471800.0;29;105
Landivisiau;29105;Hydroélectricité;Electricité;0.0;0.0;29;105
Landivisiau;29105;Méthanisation;Chaleur;0.0;0.0;29;105
Landivisiau;29105;Méthanisation;Electricité;0.0;0.0;29;105
Landivisiau;29105;PAC (aérothermie et géothermie);Chaleur;6101.0;8537.0;29;105
Landivisiau;29105;Solaire PV;Electricité;495.0;1038.0;29;105
Landivisiau;29105;Solaire thermique;Chaleur;101.0;140.0;29;105
Landrévarzec;29106;Bois énergie domestique;Chaleur;3097.0;3863.0;29;106
Landrévarzec;29106;Hydroélectricité;Electricité;0.0;0.0;29;106
Landrévarzec;29106;PAC (aérothermie et géothermie);Chaleur;1436.0;2009.0;29;106
Landrévarzec;29106;Solaire PV;Electricité;332.0;313.0;29;106
Landrévarzec;29106;Solaire thermique;Chaleur;24.0;30.0;29;106
Landudal;29107;Bois énergie domestique;Chaleur;1540.0;1920.0;29;107
Landudal;29107;Hydroélectricité;Electricité;0.0;0.0;29;107
Landudal;29107;PAC (aérothermie et géothermie);Chaleur;754.0;1055.0;29;107
Landudal;29107;Solaire PV;Electricité;35.0;44.0;29;107
Landudal;29107;Solaire thermique;Chaleur;13.0;20.0;29;107
Landudec;29108;Bois énergie domestique;Chaleur;2613.0;3259.0;29;108
Landudec;29108;Hydroélectricité;Electricité;0.0;0.0;29;108
Landudec;29108;Méthanisation;Chaleur;1555.0;182.0;29;108
Landudec;29108;Méthanisation;Electricité;1666.0;195.0;29;108
Landudec;29108;PAC (aérothermie et géothermie);Chaleur;1277.0;1787.0;29;108
Landudec;29108;Solaire PV;Electricité;68.0;132.0;29;108
Landudec;29108;Solaire thermique;Chaleur;21.0;30.0;29;108
Landunvez;29109;Bois énergie chaufferies;Chaleur;19435.0;8500.0;29;109
Landunvez;29109;Bois énergie domestique;Chaleur;3300.0;4116.0;29;109
Landunvez;29109;Fossile;Chaleur;17345.0;9902.0;29;109
Landunvez;29109;Fossile;Electricité;15418.0;8802.0;29;109
Landunvez;29109;Hydroélectricité;Electricité;0.0;0.0;29;109
Landunvez;29109;PAC (aérothermie et géothermie);Chaleur;2355.0;3296.0;29;109
Landunvez;29109;Solaire PV;Electricité;255.0;259.0;29;109
Landunvez;29109;Solaire thermique;Chaleur;39.0;50.0;29;109
Langolen;29110;Bois énergie domestique;Chaleur;1572.0;1960.0;29;110
Langolen;29110;Hydroélectricité;Electricité;0.0;0.0;29;110
Langolen;29110;Méthanisation;Chaleur;1334.0;300.0;29;110
Langolen;29110;Méthanisation;Electricité;1112.0;250.0;29;110
Langolen;29110;PAC (aérothermie et géothermie);Chaleur;756.0;1058.0;29;110
Langolen;29110;Solaire PV;Electricité;108.0;146.0;29;110
Langolen;29110;Solaire thermique;Chaleur;13.0;20.0;29;110
Lanhouarneau;29111;Bois énergie domestique;Chaleur;2408.0;3003.0;29;111
Lanhouarneau;29111;Hydroélectricité;Electricité;0.0;0.0;29;111
Lanhouarneau;29111;Méthanisation;Chaleur;1195.0;180.0;29;111
Lanhouarneau;29111;Méthanisation;Electricité;996.0;150.0;29;111
Lanhouarneau;29111;PAC (aérothermie et géothermie);Chaleur;1060.0;1484.0;29;111
Lanhouarneau;29111;Solaire PV;Electricité;316.0;334.0;29;111
Lanhouarneau;29111;Solaire thermique;Chaleur;18.0;20.0;29;111
Lanildut;29112;Bois énergie domestique;Chaleur;2074.0;2586.0;29;112
Lanildut;29112;Hydroélectricité;Electricité;0.0;0.0;29;112
Lanildut;29112;PAC (aérothermie et géothermie);Chaleur;1222.0;1709.0;29;112
Lanildut;29112;Solaire PV;Electricité;28.0;46.0;29;112
Lanildut;29112;Solaire thermique;Chaleur;20.0;30.0;29;112
Lanmeur;29113;Bois énergie chaufferies;Chaleur;3635.0;2120.0;29;113
Lanmeur;29113;Bois énergie domestique;Chaleur;4074.0;5081.0;29;113
Lanmeur;29113;Fossile;Chaleur;1526.0;900.0;29;113
Lanmeur;29113;Fossile;Electricité;1357.0;800.0;29;113
Lanmeur;29113;Hydroélectricité;Electricité;0.0;0.0;29;113
Lanmeur;29113;PAC (aérothermie et géothermie);Chaleur;2004.0;2805.0;29;113
Lanmeur;29113;Solaire PV;Electricité;202.0;259.0;29;113
Lanmeur;29113;Solaire thermique;Chaleur;33.0;50.0;29;113
Lannéanou;29114;Bois énergie domestique;Chaleur;729.0;909.0;29;114
Lannéanou;29114;Éolien terrestre;Electricité;7596.0;4000.0;29;114
Lannéanou;29114;Hydroélectricité;Electricité;0.0;0.0;29;114
Lannéanou;29114;PAC (aérothermie et géothermie);Chaleur;423.0;593.0;29;114
Lannéanou;29114;Solaire thermique;Chaleur;7.0;10.0;29;114
Lannédern;29115;Bois énergie domestique;Chaleur;705.0;879.0;29;115
Lannédern;29115;Hydroélectricité;Electricité;0.0;0.0;29;115
Lannédern;29115;PAC (aérothermie et géothermie);Chaleur;353.0;494.0;29;115
Lannédern;29115;Solaire thermique;Chaleur;6.0;10.0;29;115
Lanneuffret;29116;Bois énergie domestique;Chaleur;295.0;368.0;29;116
Lanneuffret;29116;Hydroélectricité;Electricité;0.0;0.0;29;116
Lanneuffret;29116;PAC (aérothermie et géothermie);Chaleur;118.0;166.0;29;116
Lanneuffret;29116;Solaire thermique;Chaleur;2.0;0.0;29;116
Lannilis;29117;Bois énergie domestique;Chaleur;8759.0;10924.0;29;117
Lannilis;29117;Hydroélectricité;Electricité;0.0;0.0;29;117
Lannilis;29117;PAC (aérothermie et géothermie);Chaleur;4124.0;5770.0;29;117
Lannilis;29117;Solaire PV;Electricité;319.0;355.0;29;117
Lannilis;29117;Solaire thermique;Chaleur;68.0;100.0;29;117
Lanrivoaré;29119;Bois énergie chaufferies;Chaleur;286.0;250.0;29;119
Lanrivoaré;29119;Bois énergie domestique;Chaleur;2371.0;2958.0;29;119
Lanrivoaré;29119;Éolien terrestre;Electricité;8245.0;5150.0;29;119
Lanrivoaré;29119;Hydroélectricité;Electricité;0.0;0.0;29;119
Lanrivoaré;29119;PAC (aérothermie et géothermie);Chaleur;1062.0;1486.0;29;119
Lanrivoaré;29119;Solaire PV;Electricité;55.0;80.0;29;119
Lanrivoaré;29119;Solaire thermique;Chaleur;18.0;20.0;29;119
Lanvéoc;29120;Bois énergie domestique;Chaleur;3608.0;4500.0;29;120
Lanvéoc;29120;Hydroélectricité;Electricité;0.0;0.0;29;120
Lanvéoc;29120;PAC (aérothermie et géothermie);Chaleur;1787.0;2501.0;29;120
Lanvéoc;29120;Solaire PV;Electricité;65.0;77.0;29;120
Lanvéoc;29120;Solaire thermique;Chaleur;30.0;40.0;29;120
Laz;29122;Bois énergie domestique;Chaleur;1563.0;1949.0;29;122
Laz;29122;Hydroélectricité;Electricité;0.0;0.0;29;122
Laz;29122;PAC (aérothermie et géothermie);Chaleur;777.0;1088.0;29;122
Laz;29122;Solaire PV;Electricité;1304.0;12386.0;29;122
Laz;29122;Solaire thermique;Chaleur;13.0;20.0;29;122
Lennon;29123;Bois énergie domestique;Chaleur;1660.0;2070.0;29;123
Lennon;29123;Hydroélectricité;Electricité;0.0;0.0;29;123
Lennon;29123;Méthanisation;Chaleur;461.0;180.0;29;123
Lennon;29123;Méthanisation;Electricité;384.0;150.0;29;123
Lennon;29123;PAC (aérothermie et géothermie);Chaleur;784.0;1098.0;29;123
Lennon;29123;Solaire PV;Electricité;327.0;339.0;29;123
Lennon;29123;Solaire thermique;Chaleur;13.0;20.0;29;123
Lesneven;29124;Bois énergie domestique;Chaleur;8210.0;10240.0;29;124
Lesneven;29124;Hydroélectricité;Electricité;0.0;0.0;29;124
Lesneven;29124;PAC (aérothermie et géothermie);Chaleur;4897.0;6852.0;29;124
Lesneven;29124;Solaire PV;Electricité;163.0;221.0;29;124
Lesneven;29124;Solaire thermique;Chaleur;81.0;110.0;29;124
Leuhan;29125;Bois énergie domestique;Chaleur;1623.0;2024.0;29;125
Leuhan;29125;Éolien terrestre;Electricité;3357.0;2300.0;29;125
Leuhan;29125;Hydroélectricité;Electricité;0.0;0.0;29;125
Leuhan;29125;PAC (aérothermie et géothermie);Chaleur;914.0;1279.0;29;125
Leuhan;29125;Solaire PV;Electricité;163.0;171.0;29;125
Leuhan;29125;Solaire thermique;Chaleur;15.0;20.0;29;125
Loc-Brévalaire;29126;Bois énergie domestique;Chaleur;336.0;419.0;29;126
Loc-Brévalaire;29126;Hydroélectricité;Electricité;0.0;0.0;29;126
Loc-Brévalaire;29126;Méthanisation;Biométhane;1915.4;1020.0;29;126
Loc-Brévalaire;29126;Méthanisation;Chaleur;1981.0;252.0;29;126
Loc-Brévalaire;29126;Méthanisation;Electricité;1965.0;250.0;29;126
Loc-Brévalaire;29126;PAC (aérothermie et géothermie);Chaleur;159.0;222.0;29;126
Loc-Brévalaire;29126;Solaire thermique;Chaleur;3.0;0.0;29;126
Loc-Eguiner;29128;Bois énergie domestique;Chaleur;761.0;950.0;29;128
Loc-Eguiner;29128;Hydroélectricité;Electricité;0.0;0.0;29;128
Loc-Eguiner;29128;Méthanisation;Chaleur;0.0;0.0;29;128
Loc-Eguiner;29128;Méthanisation;Electricité;0.0;0.0;29;128
Loc-Eguiner;29128;PAC (aérothermie et géothermie);Chaleur;309.0;432.0;29;128
Loc-Eguiner;29128;Solaire PV;Electricité;611.0;579.0;29;128
Loc-Eguiner;29128;Solaire thermique;Chaleur;5.0;10.0;29;128
Locmaria-Plouzané;29130;Bois énergie domestique;Chaleur;8315.0;10371.0;29;130
Locmaria-Plouzané;29130;Hydroélectricité;Electricité;0.0;0.0;29;130
Locmaria-Plouzané;29130;Méthanisation;Biométhane;6041.8;918.0;29;130
Locmaria-Plouzané;29130;PAC (aérothermie et géothermie);Chaleur;4007.0;5606.0;29;130
Locmaria-Plouzané;29130;Solaire PV;Electricité;338.0;631.0;29;130
Locmaria-Plouzané;29130;Solaire thermique;Chaleur;66.0;90.0;29;130
Locmélar;29131;Bois énergie domestique;Chaleur;967.0;1206.0;29;131
Locmélar;29131;Hydroélectricité;Electricité;0.0;0.0;29;131
Locmélar;29131;PAC (aérothermie et géothermie);Chaleur;429.0;600.0;29;131
Locmélar;29131;Solaire PV;Electricité;338.0;359.0;29;131
Locmélar;29131;Solaire thermique;Chaleur;7.0;10.0;29;131
Locquénolé;29132;Bois énergie domestique;Chaleur;1632.0;2036.0;29;132
Locquénolé;29132;Hydroélectricité;Electricité;0.0;0.0;29;132
Locquénolé;29132;PAC (aérothermie et géothermie);Chaleur;849.0;1188.0;29;132
Locquénolé;29132;Solaire thermique;Chaleur;14.0;20.0;29;132
Locquirec;29133;Bois énergie chaufferies;Chaleur;447.0;200.0;29;133
Locquirec;29133;Bois énergie domestique;Chaleur;3966.0;4947.0;29;133
Locquirec;29133;Hydroélectricité;Electricité;0.0;0.0;29;133
Locquirec;29133;PAC (aérothermie et géothermie);Chaleur;2655.0;3715.0;29;133
Locquirec;29133;Solaire PV;Electricité;18.0;41.0;29;133
Locquirec;29133;Solaire thermique;Chaleur;44.0;60.0;29;133
Locronan;29134;Bois énergie domestique;Chaleur;1638.0;2043.0;29;134
Locronan;29134;Hydroélectricité;Electricité;0.0;0.0;29;134
Locronan;29134;PAC (aérothermie et géothermie);Chaleur;897.0;1256.0;29;134
Locronan;29134;Solaire thermique;Chaleur;15.0;20.0;29;134
Loctudy;29135;Bois énergie domestique;Chaleur;9742.0;12150.0;29;135
Loctudy;29135;Hydroélectricité;Electricité;0.0;0.0;29;135
Loctudy;29135;PAC (aérothermie et géothermie);Chaleur;6809.0;9527.0;29;135
Loctudy;29135;Solaire PV;Electricité;255.0;315.0;29;135
Loctudy;29135;Solaire thermique;Chaleur;113.0;160.0;29;135
Locunolé;29136;Bois énergie domestique;Chaleur;2304.0;2873.0;29;136
Locunolé;29136;Hydroélectricité;Electricité;0.0;0.0;29;136
Locunolé;29136;PAC (aérothermie et géothermie);Chaleur;1000.0;1399.0;29;136
Locunolé;29136;Solaire PV;Electricité;20.0;171.0;29;136
Locunolé;29136;Solaire thermique;Chaleur;17.0;20.0;29;136
Logonna-Daoulas;29137;Bois énergie chaufferies;Chaleur;124.0;110.0;29;137
Logonna-Daoulas;29137;Bois énergie domestique;Chaleur;3693.0;4606.0;29;137
Logonna-Daoulas;29137;Hydroélectricité;Electricité;0.0;0.0;29;137
Logonna-Daoulas;29137;PAC (aérothermie et géothermie);Chaleur;2193.0;3069.0;29;137
Logonna-Daoulas;29137;Solaire PV;Electricité;79.0;101.0;29;137
Logonna-Daoulas;29137;Solaire thermique;Chaleur;36.0;50.0;29;137
Lopérec;29139;Bois énergie chaufferies;Chaleur;991.0;375.0;29;139
Lopérec;29139;Bois énergie domestique;Chaleur;1673.0;2087.0;29;139
Lopérec;29139;Hydroélectricité;Electricité;0.0;0.0;29;139
Lopérec;29139;PAC (aérothermie et géothermie);Chaleur;759.0;1062.0;29;139
Lopérec;29139;Solaire PV;Electricité;0.0;250.0;29;139
Lopérec;29139;Solaire thermique;Chaleur;13.0;20.0;29;139
Loperhet;29140;Bois énergie chaufferies;Chaleur;158.0;55.0;29;140
Loperhet;29140;Bois énergie domestique;Chaleur;6051.0;7547.0;29;140
Loperhet;29140;Fossile;Chaleur;5392.0;1755.0;29;140
Loperhet;29140;Fossile;Electricité;4793.0;1560.0;29;140
Loperhet;29140;Hydroélectricité;Electricité;0.0;0.0;29;140
Loperhet;29140;PAC (aérothermie et géothermie);Chaleur;2857.0;3997.0;29;140
Loperhet;29140;Solaire PV;Electricité;189.0;292.0;29;140
Loperhet;29140;Solaire thermique;Chaleur;47.0;70.0;29;140
Loqueffret;29141;Bois énergie domestique;Chaleur;971.0;1211.0;29;141
Loqueffret;29141;Hydroélectricité;Electricité;18693.0;5800.0;29;141
Loqueffret;29141;PAC (aérothermie et géothermie);Chaleur;542.0;759.0;29;141
Loqueffret;29141;Solaire thermique;Chaleur;9.0;10.0;29;141
Lothey;29142;Bois énergie domestique;Chaleur;836.0;1043.0;29;142
Lothey;29142;Hydroélectricité;Electricité;0.0;0.0;29;142
Lothey;29142;Méthanisation;Chaleur;420.0;60.0;29;142
Lothey;29142;Méthanisation;Electricité;0.0;0.0;29;142
Lothey;29142;PAC (aérothermie et géothermie);Chaleur;421.0;590.0;29;142
Lothey;29142;Solaire PV;Electricité;555.0;508.0;29;142
Lothey;29142;Solaire thermique;Chaleur;7.0;10.0;29;142
Mahalon;29143;Bois énergie domestique;Chaleur;1961.0;2446.0;29;143
Mahalon;29143;Éolien terrestre;Electricité;3312.0;3000.0;29;143
Mahalon;29143;Hydroélectricité;Electricité;0.0;0.0;29;143
Mahalon;29143;PAC (aérothermie et géothermie);Chaleur;869.0;1215.0;29;143
Mahalon;29143;Solaire PV;Electricité;316.0;326.0;29;143
Mahalon;29143;Solaire thermique;Chaleur;14.0;20.0;29;143
La Martyre;29144;Bois énergie chaufferies;Chaleur;52.0;48.0;29;144
La Martyre;29144;Bois énergie domestique;Chaleur;1467.0;1830.0;29;144
La Martyre;29144;Hydroélectricité;Electricité;0.0;0.0;29;144
La Martyre;29144;PAC (aérothermie et géothermie);Chaleur;605.0;847.0;29;144
La Martyre;29144;Solaire PV;Electricité;22.0;40.0;29;144
La Martyre;29144;Solaire thermique;Chaleur;10.0;10.0;29;144
Confort-Meilars;29145;Bois énergie chaufferies;Chaleur;64.0;85.0;29;145
Confort-Meilars;29145;Bois énergie domestique;Chaleur;1736.0;2165.0;29;145
Confort-Meilars;29145;Hydroélectricité;Electricité;0.0;0.0;29;145
Confort-Meilars;29145;PAC (aérothermie et géothermie);Chaleur;799.0;1117.0;29;145
Confort-Meilars;29145;Solaire PV;Electricité;20.0;92.0;29;145
Confort-Meilars;29145;Solaire thermique;Chaleur;13.0;20.0;29;145
Melgven;29146;Bois énergie domestique;Chaleur;6255.0;7801.0;29;146
Melgven;29146;Éolien terrestre;Electricité;13008.0;6000.0;29;146
Melgven;29146;Fossile;Chaleur;0.0;0.0;29;146
Melgven;29146;Fossile;Electricité;115.0;6605.0;29;146
Melgven;29146;Hydroélectricité;Electricité;0.0;0.0;29;146
Melgven;29146;PAC (aérothermie et géothermie);Chaleur;3002.0;4200.0;29;146
Melgven;29146;Solaire PV;Electricité;712.0;729.0;29;146
Melgven;29146;Solaire thermique;Chaleur;50.0;70.0;29;146
Mellac;29147;Bois énergie chaufferies;Chaleur;827.0;450.0;29;147
Mellac;29147;Bois énergie domestique;Chaleur;6015.0;7502.0;29;147
Mellac;29147;Hydroélectricité;Electricité;0.0;0.0;29;147
Mellac;29147;Méthanisation;Chaleur;491.0;70.0;29;147
Mellac;29147;PAC (aérothermie et géothermie);Chaleur;2480.0;3470.0;29;147
Mellac;29147;Solaire PV;Electricité;126.0;149.0;29;147
Mellac;29147;Solaire thermique;Chaleur;41.0;60.0;29;147
Mespaul;29148;Bois énergie chaufferies;Chaleur;6402.0;2000.0;29;148
Mespaul;29148;Bois énergie domestique;Chaleur;1890.0;2357.0;29;148
Mespaul;29148;Fossile;Chaleur;25865.0;9846.0;29;148
Mespaul;29148;Fossile;Electricité;22992.0;8752.0;29;148
Mespaul;29148;Hydroélectricité;Electricité;0.0;0.0;29;148
Mespaul;29148;PAC (aérothermie et géothermie);Chaleur;856.0;1197.0;29;148
Mespaul;29148;Solaire PV;Electricité;474.0;415.0;29;148
Mespaul;29148;Solaire thermique;Chaleur;14.0;20.0;29;148
Moëlan-sur-Mer;29150;Bois énergie chaufferies;Chaleur;103.0;120.0;29;150
Moëlan-sur-Mer;29150;Bois énergie domestique;Chaleur;15955.0;19899.0;29;150
Moëlan-sur-Mer;29150;Hydroélectricité;Electricité;0.0;0.0;29;150
Moëlan-sur-Mer;29150;PAC (aérothermie et géothermie);Chaleur;8750.0;12244.0;29;150
Moëlan-sur-Mer;29150;Solaire PV;Electricité;492.0;536.0;29;150
Moëlan-sur-Mer;29150;Solaire thermique;Chaleur;145.0;200.0;29;150
Morlaix;29151;Bois énergie chaufferies;Chaleur;3789.0;1650.0;29;151
Morlaix;29151;Bois énergie domestique;Chaleur;12746.0;15897.0;29;151
Morlaix;29151;Fossile;Chaleur;5824.0;1701.0;29;151
Morlaix;29151;Fossile;Electricité;5177.0;1512.0;29;151
Morlaix;29151;Hydroélectricité;Electricité;0.0;0.0;29;151
Morlaix;29151;PAC (aérothermie et géothermie);Chaleur;8196.0;11468.0;29;151
Morlaix;29151;Solaire PV;Electricité;234.0;277.0;29;151
Morlaix;29151;Solaire thermique;Chaleur;136.0;190.0;29;151
Motreff;29152;Bois énergie domestique;Chaleur;1519.0;1894.0;29;152
Motreff;29152;Hydroélectricité;Electricité;0.0;0.0;29;152
Motreff;29152;PAC (aérothermie et géothermie);Chaleur;705.0;986.0;29;152
Motreff;29152;Solaire PV;Electricité;178.0;200.0;29;152
Motreff;29152;Solaire thermique;Chaleur;12.0;20.0;29;152
Névez;29153;Bois énergie domestique;Chaleur;7373.0;9196.0;29;153
Névez;29153;Hydroélectricité;Electricité;0.0;0.0;29;153
Névez;29153;PAC (aérothermie et géothermie);Chaleur;4737.0;6629.0;29;153
Névez;29153;Solaire PV;Electricité;166.0;271.0;29;153
Névez;29153;Solaire thermique;Chaleur;78.0;110.0;29;153
Ouessant;29155;Bois énergie domestique;Chaleur;2600.0;3243.0;29;155
Ouessant;29155;Fossile;Chaleur;0.0;0.0;29;155
Ouessant;29155;Fossile;Electricité;6239.0;4350.0;29;155
Ouessant;29155;Hydroélectricité;Electricité;0.0;0.0;29;155
Ouessant;29155;Hydrolien;Electricité;322.0;500.0;29;155
Ouessant;29155;PAC (aérothermie et géothermie);Chaleur;1773.0;2481.0;29;155
Ouessant;29155;Solaire PV;Electricité;67.0;45.0;29;155
Ouessant;29155;Solaire thermique;Chaleur;29.0;40.0;29;155
Pencran;29156;Bois énergie domestique;Chaleur;2540.0;3167.0;29;156
Pencran;29156;Hydroélectricité;Electricité;0.0;0.0;29;156
Pencran;29156;PAC (aérothermie et géothermie);Chaleur;1381.0;1932.0;29;156
Pencran;29156;Solaire PV;Electricité;40.0;69.0;29;156
Pencran;29156;Solaire thermique;Chaleur;23.0;30.0;29;156
Penmarch;29158;Bois énergie domestique;Chaleur;13735.0;17131.0;29;158
Penmarch;29158;Hydroélectricité;Electricité;0.0;0.0;29;158
Penmarch;29158;PAC (aérothermie et géothermie);Chaleur;8472.0;11854.0;29;158
Penmarch;29158;Solaire PV;Electricité;240.0;329.0;29;158
Penmarch;29158;Solaire thermique;Chaleur;140.0;200.0;29;158
Peumerit;29159;Bois énergie domestique;Chaleur;1606.0;2003.0;29;159
Peumerit;29159;Hydroélectricité;Electricité;0.0;0.0;29;159
Peumerit;29159;PAC (aérothermie et géothermie);Chaleur;861.0;1205.0;29;159
Peumerit;29159;Solaire PV;Electricité;26.0;79.0;29;159
Peumerit;29159;Solaire thermique;Chaleur;14.0;20.0;29;159
Plabennec;29160;Bois énergie chaufferies;Chaleur;9305.0;3000.0;29;160
Plabennec;29160;Bois énergie domestique;Chaleur;10644.0;13275.0;29;160
Plabennec;29160;Fossile;Chaleur;17119.0;13678.0;29;160
Plabennec;29160;Fossile;Electricité;15217.0;12158.0;29;160
Plabennec;29160;Hydroélectricité;Electricité;0.0;0.0;29;160
Plabennec;29160;Méthanisation;Chaleur;841.0;120.0;29;160
Plabennec;29160;PAC (aérothermie et géothermie);Chaleur;5916.0;8278.0;29;160
Plabennec;29160;Solaire PV;Electricité;662.0;932.0;29;160
Plabennec;29160;Solaire thermique;Chaleur;98.0;140.0;29;160
Pleuven;29161;Bois énergie domestique;Chaleur;4374.0;5455.0;29;161
Pleuven;29161;Hydroélectricité;Electricité;0.0;0.0;29;161
Pleuven;29161;PAC (aérothermie et géothermie);Chaleur;2566.0;3591.0;29;161
Pleuven;29161;Solaire PV;Electricité;116.0;133.0;29;161
Pleuven;29161;Solaire thermique;Chaleur;43.0;60.0;29;161
Pleyben;29162;Bois énergie chaufferies;Chaleur;375.0;200.0;29;162
Pleyben;29162;Bois énergie domestique;Chaleur;6839.0;8530.0;29;162
Pleyben;29162;Hydroélectricité;Electricité;0.0;0.0;29;162
Pleyben;29162;Méthanisation;Chaleur;926.0;110.0;29;162
Pleyben;29162;Méthanisation;Electricité;842.0;100.0;29;162
Pleyben;29162;PAC (aérothermie et géothermie);Chaleur;3151.0;4409.0;29;162
Pleyben;29162;Solaire PV;Electricité;1267.0;1430.0;29;162
Pleyben;29162;Solaire thermique;Chaleur;52.0;70.0;29;162
Pleyber-Christ;29163;Bois énergie chaufferies;Chaleur;823.0;460.0;29;163
Pleyber-Christ;29163;Bois énergie domestique;Chaleur;5768.0;7194.0;29;163
Pleyber-Christ;29163;Éolien terrestre;Electricité;9722.0;8100.0;29;163
Pleyber-Christ;29163;Hydroélectricité;Electricité;0.0;0.0;29;163
Pleyber-Christ;29163;PAC (aérothermie et géothermie);Chaleur;2711.0;3794.0;29;163
Pleyber-Christ;29163;Solaire PV;Electricité;924.0;987.0;29;163
Pleyber-Christ;29163;Solaire thermique;Chaleur;45.0;60.0;29;163
Plobannalec-Lesconil;29165;Bois énergie domestique;Chaleur;7557.0;9426.0;29;165
Plobannalec-Lesconil;29165;Hydroélectricité;Electricité;0.0;0.0;29;165
Plobannalec-Lesconil;29165;PAC (aérothermie et géothermie);Chaleur;4707.0;6587.0;29;165
Plobannalec-Lesconil;29165;Solaire PV;Electricité;223.0;254.0;29;165
Plobannalec-Lesconil;29165;Solaire thermique;Chaleur;78.0;110.0;29;165
Ploéven;29166;Bois énergie domestique;Chaleur;999.0;1246.0;29;166
Ploéven;29166;Hydroélectricité;Electricité;0.0;0.0;29;166
Ploéven;29166;PAC (aérothermie et géothermie);Chaleur;562.0;786.0;29;166
Ploéven;29166;Solaire thermique;Chaleur;9.0;10.0;29;166
Plogastel-Saint-Germain;29167;Bois énergie domestique;Chaleur;3335.0;4159.0;29;167
Plogastel-Saint-Germain;29167;Éolien terrestre;Electricité;13609.0;8000.0;29;167
Plogastel-Saint-Germain;29167;Hydroélectricité;Electricité;0.0;0.0;29;167
Plogastel-Saint-Germain;29167;PAC (aérothermie et géothermie);Chaleur;1779.0;2489.0;29;167
Plogastel-Saint-Germain;29167;Solaire PV;Electricité;64.0;175.0;29;167
Plogastel-Saint-Germain;29167;Solaire thermique;Chaleur;30.0;40.0;29;167
Plogoff;29168;Bois énergie domestique;Chaleur;3458.0;4313.0;29;168
Plogoff;29168;Hydroélectricité;Electricité;0.0;0.0;29;168
Plogoff;29168;PAC (aérothermie et géothermie);Chaleur;2006.0;2807.0;29;168
Plogoff;29168;Solaire thermique;Chaleur;33.0;50.0;29;168
Plogonnec;29169;Bois énergie domestique;Chaleur;5374.0;6703.0;29;169
Plogonnec;29169;Hydroélectricité;Electricité;0.0;0.0;29;169
Plogonnec;29169;PAC (aérothermie et géothermie);Chaleur;2582.0;3612.0;29;169
Plogonnec;29169;Solaire PV;Electricité;1109.0;1160.0;29;169
Plogonnec;29169;Solaire thermique;Chaleur;43.0;60.0;29;169
Plomelin;29170;Bois énergie domestique;Chaleur;7079.0;8829.0;29;170
Plomelin;29170;Hydroélectricité;Electricité;0.0;0.0;29;170
Plomelin;29170;PAC (aérothermie et géothermie);Chaleur;3352.0;4690.0;29;170
Plomelin;29170;Solaire PV;Electricité;219.0;334.0;29;170
Plomelin;29170;Solaire thermique;Chaleur;56.0;80.0;29;170
Plomeur;29171;Bois énergie domestique;Chaleur;8260.0;10302.0;29;171
Plomeur;29171;Hydroélectricité;Electricité;0.0;0.0;29;171
Plomeur;29171;PAC (aérothermie et géothermie);Chaleur;3769.0;5273.0;29;171
Plomeur;29171;Solaire PV;Electricité;378.0;370.0;29;171
Plomeur;29171;Solaire thermique;Chaleur;62.0;90.0;29;171
Plomodiern;29172;Bois énergie domestique;Chaleur;5091.0;6350.0;29;172
Plomodiern;29172;Éolien terrestre;Electricité;31212.0;15000.0;29;172
Plomodiern;29172;Hydroélectricité;Electricité;0.0;0.0;29;172
Plomodiern;29172;PAC (aérothermie et géothermie);Chaleur;2534.0;3545.0;29;172
Plomodiern;29172;Solaire PV;Electricité;227.0;227.0;29;172
Plomodiern;29172;Solaire thermique;Chaleur;42.0;60.0;29;172
Plonéis;29173;Bois énergie domestique;Chaleur;3877.0;4836.0;29;173
Plonéis;29173;Hydroélectricité;Electricité;0.0;0.0;29;173
Plonéis;29173;PAC (aérothermie et géothermie);Chaleur;1753.0;2453.0;29;173
Plonéis;29173;Solaire PV;Electricité;233.0;462.0;29;173
Plonéis;29173;Solaire thermique;Chaleur;29.0;40.0;29;173
Plonéour-Lanvern;29174;Bois énergie domestique;Chaleur;10899.0;13593.0;29;174
Plonéour-Lanvern;29174;Éolien terrestre;Electricité;2685.0;2300.0;29;174
Plonéour-Lanvern;29174;Hydroélectricité;Electricité;0.0;0.0;29;174
Plonéour-Lanvern;29174;PAC (aérothermie et géothermie);Chaleur;5397.0;7551.0;29;174
Plonéour-Lanvern;29174;Solaire PV;Electricité;1684.0;1688.0;29;174
Plonéour-Lanvern;29174;Solaire thermique;Chaleur;89.0;130.0;29;174
Plonévez-du-Faou;29175;Bois énergie chaufferies;Chaleur;200.0;150.0;29;175
Plonévez-du-Faou;29175;Bois énergie domestique;Chaleur;4924.0;6141.0;29;175
Plonévez-du-Faou;29175;Hydroélectricité;Electricité;0.0;0.0;29;175
Plonévez-du-Faou;29175;PAC (aérothermie et géothermie);Chaleur;2524.0;3531.0;29;175
Plonévez-du-Faou;29175;Solaire PV;Electricité;234.0;338.0;29;175
Plonévez-du-Faou;29175;Solaire thermique;Chaleur;42.0;60.0;29;175
Plonévez-Porzay;29176;Bois énergie domestique;Chaleur;3515.0;4384.0;29;176
Plonévez-Porzay;29176;Hydroélectricité;Electricité;0.0;0.0;29;176
Plonévez-Porzay;29176;Méthanisation;Chaleur;606.0;82.0;29;176
Plonévez-Porzay;29176;Méthanisation;Electricité;481.0;65.0;29;176
Plonévez-Porzay;29176;PAC (aérothermie et géothermie);Chaleur;1985.0;2777.0;29;176
Plonévez-Porzay;29176;Solaire PV;Electricité;242.0;334.0;29;176
Plonévez-Porzay;29176;Solaire thermique;Chaleur;33.0;50.0;29;176
Plouarzel;29177;Bois énergie domestique;Chaleur;6792.0;8471.0;29;177
Plouarzel;29177;Éolien terrestre;Electricité;17030.0;23400.0;29;177
Plouarzel;29177;Hydroélectricité;Electricité;0.0;0.0;29;177
Plouarzel;29177;Méthanisation;Chaleur;1682.0;240.0;29;177
Plouarzel;29177;PAC (aérothermie et géothermie);Chaleur;3480.0;4869.0;29;177
Plouarzel;29177;Solaire PV;Electricité;236.0;319.0;29;177
Plouarzel;29177;Solaire thermique;Chaleur;58.0;80.0;29;177
Ploudalmézeau;29178;Bois énergie domestique;Chaleur;11150.0;13907.0;29;178
Ploudalmézeau;29178;Éolien terrestre;Electricité;16659.0;7800.0;29;178
Ploudalmézeau;29178;Hydroélectricité;Electricité;0.0;0.0;29;178
Ploudalmézeau;29178;Méthanisation;Chaleur;280.0;40.0;29;178
Ploudalmézeau;29178;PAC (aérothermie et géothermie);Chaleur;5834.0;8163.0;29;178
Ploudalmézeau;29178;Solaire PV;Electricité;507.0;625.0;29;178
Ploudalmézeau;29178;Solaire thermique;Chaleur;97.0;140.0;29;178
Ploudaniel;29179;Bois énergie chaufferies;Chaleur;7348.0;2100.0;29;179
Ploudaniel;29179;Bois énergie domestique;Chaleur;6111.0;7622.0;29;179
Ploudaniel;29179;Fossile;Chaleur;4533.0;1124.0;29;179
Ploudaniel;29179;Fossile;Electricité;4030.0;999.0;29;179
Ploudaniel;29179;Hydroélectricité;Electricité;0.0;0.0;29;179
Ploudaniel;29179;Méthanisation;Biométhane;8572.2;1224.0;29;179
Ploudaniel;29179;PAC (aérothermie et géothermie);Chaleur;2846.0;3982.0;29;179
Ploudaniel;29179;Solaire PV;Electricité;724.0;1244.0;29;179
Ploudaniel;29179;Solaire thermique;Chaleur;47.0;70.0;29;179
Ploudiry;29180;Bois énergie domestique;Chaleur;1798.0;2243.0;29;180
Ploudiry;29180;Hydroélectricité;Electricité;0.0;0.0;29;180
Ploudiry;29180;Méthanisation;Chaleur;1682.0;240.0;29;180
Ploudiry;29180;PAC (aérothermie et géothermie);Chaleur;764.0;1069.0;29;180
Ploudiry;29180;Solaire PV;Electricité;203.0;279.0;29;180
Ploudiry;29180;Solaire thermique;Chaleur;13.0;20.0;29;180
Plouédern;29181;Bois énergie domestique;Chaleur;4874.0;6079.0;29;181
Plouédern;29181;Fossile;Chaleur;7121.0;1735.0;29;181
Plouédern;29181;Fossile;Electricité;6330.0;1542.0;29;181
Plouédern;29181;Hydroélectricité;Electricité;0.0;0.0;29;181
Plouédern;29181;Méthanisation;Chaleur;0.0;0.0;29;181
Plouédern;29181;Méthanisation;Electricité;0.0;0.0;29;181
Plouédern;29181;PAC (aérothermie et géothermie);Chaleur;2233.0;3125.0;29;181
Plouédern;29181;Solaire PV;Electricité;552.0;1111.0;29;181
Plouédern;29181;Solaire thermique;Chaleur;37.0;50.0;29;181
Plouégat-Guérand;29182;Bois énergie chaufferies;Chaleur;8638.0;2500.0;29;182
Plouégat-Guérand;29182;Bois énergie domestique;Chaleur;1921.0;2396.0;29;182
Plouégat-Guérand;29182;Hydroélectricité;Electricité;0.0;0.0;29;182
Plouégat-Guérand;29182;Méthanisation;Chaleur;1645.0;263.0;29;182
Plouégat-Guérand;29182;Méthanisation;Electricité;1557.0;249.0;29;182
Plouégat-Guérand;29182;PAC (aérothermie et géothermie);Chaleur;1015.0;1420.0;29;182
Plouégat-Guérand;29182;Solaire PV;Electricité;463.0;470.0;29;182
Plouégat-Guérand;29182;Solaire thermique;Chaleur;17.0;20.0;29;182
Plouégat-Moysan;29183;Bois énergie domestique;Chaleur;1329.0;1658.0;29;183
Plouégat-Moysan;29183;Éolien terrestre;Electricité;1658.0;1600.0;29;183
Plouégat-Moysan;29183;Hydroélectricité;Electricité;0.0;0.0;29;183
Plouégat-Moysan;29183;PAC (aérothermie et géothermie);Chaleur;666.0;932.0;29;183
Plouégat-Moysan;29183;Solaire PV;Electricité;102.0;100.0;29;183
Plouégat-Moysan;29183;Solaire thermique;Chaleur;11.0;20.0;29;183
Plouénan;29184;Bois énergie chaufferies;Chaleur;6478.0;1800.0;29;184
Plouénan;29184;Bois énergie domestique;Chaleur;5397.0;6732.0;29;184
Plouénan;29184;Fossile;Chaleur;27113.0;7264.0;29;184
Plouénan;29184;Fossile;Electricité;24100.0;6457.0;29;184
Plouénan;29184;Hydroélectricité;Electricité;0.0;0.0;29;184
Plouénan;29184;PAC (aérothermie et géothermie);Chaleur;2359.0;3300.0;29;184
Plouénan;29184;Solaire PV;Electricité;252.0;285.0;29;184
Plouénan;29184;Solaire thermique;Chaleur;39.0;50.0;29;184
Plouescat;29185;Bois énergie chaufferies;Chaleur;11134.0;4500.0;29;185
Plouescat;29185;Bois énergie domestique;Chaleur;7691.0;9592.0;29;185
Plouescat;29185;Fossile;Chaleur;23530.0;7920.0;29;185
Plouescat;29185;Fossile;Electricité;20915.0;7040.0;29;185
Plouescat;29185;Hydroélectricité;Electricité;0.0;0.0;29;185
Plouescat;29185;PAC (aérothermie et géothermie);Chaleur;4186.0;5857.0;29;185
Plouescat;29185;Solaire PV;Electricité;722.0;800.0;29;185
Plouescat;29185;Solaire thermique;Chaleur;69.0;100.0;29;185
Plouezoc'h;29186;Bois énergie domestique;Chaleur;3318.0;4138.0;29;186
Plouezoc'h;29186;Hydroélectricité;Electricité;0.0;0.0;29;186
Plouezoc'h;29186;PAC (aérothermie et géothermie);Chaleur;1756.0;2457.0;29;186
Plouezoc'h;29186;Solaire PV;Electricité;272.0;292.0;29;186
Plouezoc'h;29186;Solaire thermique;Chaleur;29.0;40.0;29;186
Plougar;29187;Bois énergie domestique;Chaleur;1566.0;1954.0;29;187
Plougar;29187;Hydroélectricité;Electricité;0.0;0.0;29;187
Plougar;29187;Méthanisation;Chaleur;5617.0;679.0;29;187
Plougar;29187;Méthanisation;Electricité;6386.0;772.0;29;187
Plougar;29187;PAC (aérothermie et géothermie);Chaleur;653.0;914.0;29;187
Plougar;29187;Solaire PV;Electricité;152.0;210.0;29;187
Plougar;29187;Solaire thermique;Chaleur;11.0;20.0;29;187
Plougasnou;29188;Bois énergie domestique;Chaleur;6691.0;8345.0;29;188
Plougasnou;29188;Hydroélectricité;Electricité;0.0;0.0;29;188
Plougasnou;29188;PAC (aérothermie et géothermie);Chaleur;4871.0;6816.0;29;188
Plougasnou;29188;Solaire PV;Electricité;611.0;600.0;29;188
Plougasnou;29188;Solaire thermique;Chaleur;81.0;110.0;29;188
Plougastel-Daoulas;29189;Bois énergie chaufferies;Chaleur;81303.0;26350.0;29;189
Plougastel-Daoulas;29189;Bois énergie domestique;Chaleur;17325.0;21608.0;29;189
Plougastel-Daoulas;29189;Fossile;Chaleur;65625.0;27184.0;29;189
Plougastel-Daoulas;29189;Fossile;Electricité;62344.0;26191.0;29;189
Plougastel-Daoulas;29189;Hydroélectricité;Electricité;0.0;0.0;29;189
Plougastel-Daoulas;29189;PAC (aérothermie et géothermie);Chaleur;10042.0;14052.0;29;189
Plougastel-Daoulas;29189;Solaire PV;Electricité;452.0;824.0;29;189
Plougastel-Daoulas;29189;Solaire thermique;Chaleur;166.0;230.0;29;189
Plougonvelin;29190;Bois énergie domestique;Chaleur;6739.0;8405.0;29;190
Plougonvelin;29190;Fossile;Chaleur;2719.0;1305.0;29;190
Plougonvelin;29190;Fossile;Electricité;2417.0;1160.0;29;190
Plougonvelin;29190;Hydroélectricité;Electricité;0.0;0.0;29;190
Plougonvelin;29190;PAC (aérothermie et géothermie);Chaleur;4165.0;5828.0;29;190
Plougonvelin;29190;Solaire PV;Electricité;291.0;375.0;29;190
Plougonvelin;29190;Solaire thermique;Chaleur;69.0;100.0;29;190
Plougonven;29191;Bois énergie chaufferies;Chaleur;237.0;220.0;29;191
Plougonven;29191;Bois énergie domestique;Chaleur;6254.0;7800.0;29;191
Plougonven;29191;Hydroélectricité;Electricité;0.0;0.0;29;191
Plougonven;29191;PAC (aérothermie et géothermie);Chaleur;3068.0;4293.0;29;191
Plougonven;29191;Solaire PV;Electricité;534.0;621.0;29;191
Plougonven;29191;Solaire thermique;Chaleur;51.0;70.0;29;191
Plougoulm;29192;Bois énergie chaufferies;Chaleur;145.0;200.0;29;192
Plougoulm;29192;Bois énergie domestique;Chaleur;3682.0;4593.0;29;192
Plougoulm;29192;Fossile;Chaleur;8757.0;2188.0;29;192
Plougoulm;29192;Fossile;Electricité;7784.0;1945.0;29;192
Plougoulm;29192;Hydroélectricité;Electricité;0.0;0.0;29;192
Plougoulm;29192;PAC (aérothermie et géothermie);Chaleur;1743.0;2439.0;29;192
Plougoulm;29192;Solaire PV;Electricité;516.0;730.0;29;192
Plougoulm;29192;Solaire thermique;Chaleur;29.0;40.0;29;192
Plougourvest;29193;Bois énergie chaufferies;Chaleur;421.0;220.0;29;193
Plougourvest;29193;Bois énergie domestique;Chaleur;2472.0;3084.0;29;193
Plougourvest;29193;Hydroélectricité;Electricité;0.0;0.0;29;193
Plougourvest;29193;PAC (aérothermie et géothermie);Chaleur;1015.0;1421.0;29;193
Plougourvest;29193;Solaire PV;Electricité;869.0;787.0;29;193
Plougourvest;29193;Solaire thermique;Chaleur;17.0;20.0;29;193
Plouguerneau;29195;Bois énergie chaufferies;Chaleur;82.0;30.0;29;195
Plouguerneau;29195;Bois énergie domestique;Chaleur;12801.0;15965.0;29;195
Plouguerneau;29195;Fossile;Chaleur;6023.0;2278.0;29;195
Plouguerneau;29195;Fossile;Electricité;5353.0;2025.0;29;195
Plouguerneau;29195;Hydroélectricité;Electricité;0.0;0.0;29;195
Plouguerneau;29195;PAC (aérothermie et géothermie);Chaleur;7458.0;10436.0;29;195
Plouguerneau;29195;Solaire PV;Electricité;153.0;294.0;29;195
Plouguerneau;29195;Solaire thermique;Chaleur;124.0;170.0;29;195
Plouguin;29196;Bois énergie domestique;Chaleur;3671.0;4578.0;29;196
Plouguin;29196;Éolien terrestre;Electricité;28734.0;22000.0;29;196
Plouguin;29196;Hydroélectricité;Electricité;0.0;0.0;29;196
Plouguin;29196;Méthanisation;Chaleur;0.0;0.0;29;196
Plouguin;29196;PAC (aérothermie et géothermie);Chaleur;1717.0;2403.0;29;196
Plouguin;29196;Solaire PV;Electricité;514.0;735.0;29;196
Plouguin;29196;Solaire thermique;Chaleur;28.0;40.0;29;196
Plouhinec;29197;Bois énergie domestique;Chaleur;10124.0;12627.0;29;197
Plouhinec;29197;Hydroélectricité;Electricité;0.0;0.0;29;197
Plouhinec;29197;PAC (aérothermie et géothermie);Chaleur;5627.0;7873.0;29;197
Plouhinec;29197;Solaire PV;Electricité;469.0;447.0;29;197
Plouhinec;29197;Solaire thermique;Chaleur;93.0;130.0;29;197
Plouider;29198;Bois énergie chaufferies;Chaleur;57.0;30.0;29;198
Plouider;29198;Bois énergie domestique;Chaleur;3732.0;4655.0;29;198
Plouider;29198;Hydroélectricité;Electricité;0.0;0.0;29;198
Plouider;29198;PAC (aérothermie et géothermie);Chaleur;1684.0;2356.0;29;198
Plouider;29198;Solaire PV;Electricité;725.0;857.0;29;198
Plouider;29198;Solaire thermique;Chaleur;28.0;40.0;29;198
Plouigneau;29199;Bois énergie chaufferies;Chaleur;2159.0;1000.0;29;199
Plouigneau;29199;Bois énergie domestique;Chaleur;9018.0;11248.0;29;199
Plouigneau;29199;Éolien terrestre;Electricité;19316.0;10000.0;29;199
Plouigneau;29199;Hydroélectricité;Electricité;0.0;0.0;29;199
Plouigneau;29199;PAC (aérothermie et géothermie);Chaleur;4394.0;6148.0;29;199
Plouigneau;29199;Solaire PV;Electricité;246.0;393.0;29;199
Plouigneau;29199;Solaire thermique;Chaleur;73.0;100.0;29;199
Ploumoguer;29201;Bois énergie chaufferies;Chaleur;473.0;600.0;29;201
Ploumoguer;29201;Bois énergie domestique;Chaleur;3558.0;4438.0;29;201
Ploumoguer;29201;Éolien terrestre;Electricité;10739.0;6300.0;29;201
Ploumoguer;29201;Hydroélectricité;Electricité;0.0;0.0;29;201
Ploumoguer;29201;Méthanisation;Biométhane;6332.9;1020.0;29;201
Ploumoguer;29201;PAC (aérothermie et géothermie);Chaleur;1766.0;2471.0;29;201
Ploumoguer;29201;Solaire PV;Electricité;172.0;300.0;29;201
Ploumoguer;29201;Solaire thermique;Chaleur;29.0;40.0;29;201
Plounéour-Ménez;29202;Bois énergie domestique;Chaleur;2421.0;3019.0;29;202
Plounéour-Ménez;29202;Hydroélectricité;Electricité;0.0;0.0;29;202
Plounéour-Ménez;29202;PAC (aérothermie et géothermie);Chaleur;1386.0;1939.0;29;202
Plounéour-Ménez;29202;Solaire PV;Electricité;225.0;286.0;29;202
Plounéour-Ménez;29202;Solaire thermique;Chaleur;23.0;30.0;29;202
Plounéventer;29204;Bois énergie domestique;Chaleur;3746.0;4672.0;29;204
Plounéventer;29204;Hydroélectricité;Electricité;0.0;0.0;29;204
Plounéventer;29204;Méthanisation;Chaleur;1541.0;500.0;29;204
Plounéventer;29204;Méthanisation;Electricité;1498.0;486.0;29;204
Plounéventer;29204;PAC (aérothermie et géothermie);Chaleur;1528.0;2139.0;29;204
Plounéventer;29204;Solaire PV;Electricité;381.0;411.0;29;204
Plounéventer;29204;Solaire thermique;Chaleur;25.0;40.0;29;204
Plounévézel;29205;Bois énergie domestique;Chaleur;2379.0;2967.0;29;205
Plounévézel;29205;Hydroélectricité;Electricité;0.0;0.0;29;205
Plounévézel;29205;PAC (aérothermie et géothermie);Chaleur;1014.0;1419.0;29;205
Plounévézel;29205;Solaire PV;Electricité;32.0;124.0;29;205
Plounévézel;29205;Solaire thermique;Chaleur;17.0;20.0;29;205
Plounévez-Lochrist;29206;Bois énergie domestique;Chaleur;5064.0;6316.0;29;206
Plounévez-Lochrist;29206;Hydroélectricité;Electricité;0.0;0.0;29;206
Plounévez-Lochrist;29206;Méthanisation;Chaleur;1027.0;133.0;29;206
Plounévez-Lochrist;29206;Méthanisation;Electricité;765.0;99.0;29;206
Plounévez-Lochrist;29206;PAC (aérothermie et géothermie);Chaleur;2524.0;3532.0;29;206
Plounévez-Lochrist;29206;Solaire PV;Electricité;1077.0;1155.0;29;206
Plounévez-Lochrist;29206;Solaire thermique;Chaleur;42.0;60.0;29;206
Plourin-lès-Morlaix;29207;Bois énergie domestique;Chaleur;7779.0;9702.0;29;207
Plourin-lès-Morlaix;29207;Hydroélectricité;Electricité;0.0;0.0;29;207
Plourin-lès-Morlaix;29207;Méthanisation;Biométhane;20866.7;2398.0;29;207
Plourin-lès-Morlaix;29207;Méthanisation;Chaleur;1385.0;265.0;29;207
Plourin-lès-Morlaix;29207;Méthanisation;Electricité;1453.0;278.0;29;207
Plourin-lès-Morlaix;29207;PAC (aérothermie et géothermie);Chaleur;3646.0;5101.0;29;207
Plourin-lès-Morlaix;29207;Solaire PV;Electricité;178.0;200.0;29;207
Plourin-lès-Morlaix;29207;Solaire thermique;Chaleur;60.0;80.0;29;207
Plourin;29208;Bois énergie domestique;Chaleur;2022.0;2522.0;29;208
Plourin;29208;Éolien terrestre;Electricité;8765.0;4710.0;29;208
Plourin;29208;Hydroélectricité;Electricité;0.0;0.0;29;208
Plourin;29208;Méthanisation;Chaleur;6400.0;955.0;29;208
Plourin;29208;Méthanisation;Electricité;5730.0;855.0;29;208
Plourin;29208;PAC (aérothermie et géothermie);Chaleur;1001.0;1401.0;29;208
Plourin;29208;Solaire PV;Electricité;2485.0;2459.0;29;208
Plourin;29208;Solaire thermique;Chaleur;17.0;20.0;29;208
Plouvien;29209;Bois énergie chaufferies;Chaleur;25168.0;9600.0;29;209
Plouvien;29209;Bois énergie domestique;Chaleur;6144.0;7662.0;29;209
Plouvien;29209;Éolien terrestre;Electricité;12227.0;10400.0;29;209
Plouvien;29209;Hydroélectricité;Electricité;43.0;33.0;29;209
Plouvien;29209;PAC (aérothermie et géothermie);Chaleur;2837.0;3969.0;29;209
Plouvien;29209;Solaire PV;Electricité;553.0;631.0;29;209
Plouvien;29209;Solaire thermique;Chaleur;47.0;70.0;29;209
Plouvorn;29210;Bois énergie domestique;Chaleur;5337.0;6656.0;29;210
Plouvorn;29210;Hydroélectricité;Electricité;0.0;0.0;29;210
Plouvorn;29210;Méthanisation;Chaleur;2678.0;1479.0;29;210
Plouvorn;29210;Méthanisation;Electricité;2622.0;1448.0;29;210
Plouvorn;29210;PAC (aérothermie et géothermie);Chaleur;2354.0;3294.0;29;210
Plouvorn;29210;Solaire PV;Electricité;444.0;491.0;29;210
Plouvorn;29210;Solaire thermique;Chaleur;39.0;50.0;29;210
Plouyé;29211;Bois énergie domestique;Chaleur;1758.0;2192.0;29;211
Plouyé;29211;Éolien terrestre;Electricité;21095.0;9200.0;29;211
Plouyé;29211;Hydroélectricité;Electricité;0.0;0.0;29;211
Plouyé;29211;Méthanisation;Chaleur;841.0;120.0;29;211
Plouyé;29211;PAC (aérothermie et géothermie);Chaleur;987.0;1380.0;29;211
Plouyé;29211;Solaire PV;Electricité;239.0;414.0;29;211
Plouyé;29211;Solaire thermique;Chaleur;16.0;20.0;29;211
Plouzané;29212;Bois énergie domestique;Chaleur;15512.0;19347.0;29;212
Plouzané;29212;Hydroélectricité;Electricité;0.0;0.0;29;212
Plouzané;29212;PAC (aérothermie et géothermie);Chaleur;8437.0;11806.0;29;212
Plouzané;29212;Solaire PV;Electricité;275.0;441.0;29;212
Plouzané;29212;Solaire thermique;Chaleur;140.0;200.0;29;212
Plouzévédé;29213;Bois énergie domestique;Chaleur;3442.0;4293.0;29;213
Plouzévédé;29213;Hydroélectricité;Electricité;0.0;0.0;29;213
Plouzévédé;29213;PAC (aérothermie et géothermie);Chaleur;1544.0;2161.0;29;213
Plouzévédé;29213;Solaire PV;Electricité;1628.0;1619.0;29;213
Plouzévédé;29213;Solaire thermique;Chaleur;26.0;40.0;29;213
Plovan;29214;Bois énergie domestique;Chaleur;1571.0;1959.0;29;214
Plovan;29214;Hydroélectricité;Electricité;0.0;0.0;29;214
Plovan;29214;PAC (aérothermie et géothermie);Chaleur;1066.0;1491.0;29;214
Plovan;29214;Solaire PV;Electricité;85.0;97.0;29;214
Plovan;29214;Solaire thermique;Chaleur;18.0;20.0;29;214
Plozévet;29215;Bois énergie chaufferies;Chaleur;16.0;15.0;29;215
Plozévet;29215;Bois énergie domestique;Chaleur;6655.0;8300.0;29;215
Plozévet;29215;Éolien terrestre;Electricité;6624.0;6000.0;29;215
Plozévet;29215;Hydroélectricité;Electricité;0.0;0.0;29;215
Plozévet;29215;PAC (aérothermie et géothermie);Chaleur;4221.0;5906.0;29;215
Plozévet;29215;Solaire PV;Electricité;390.0;362.0;29;215
Plozévet;29215;Solaire thermique;Chaleur;70.0;100.0;29;215
Pluguffan;29216;Bois énergie domestique;Chaleur;6783.0;8459.0;29;216
Pluguffan;29216;Hydroélectricité;Electricité;0.0;0.0;29;216
Pluguffan;29216;PAC (aérothermie et géothermie);Chaleur;3113.0;4356.0;29;216
Pluguffan;29216;Solaire PV;Electricité;105.0;196.0;29;216
Pluguffan;29216;Solaire thermique;Chaleur;52.0;70.0;29;216
Pont-Aven;29217;Bois énergie domestique;Chaleur;6121.0;7635.0;29;217
Pont-Aven;29217;Hydroélectricité;Electricité;0.0;0.0;29;217
Pont-Aven;29217;PAC (aérothermie et géothermie);Chaleur;3082.0;4313.0;29;217
Pont-Aven;29217;Solaire PV;Electricité;292.0;376.0;29;217
Pont-Aven;29217;Solaire thermique;Chaleur;51.0;70.0;29;217
Pont-Croix;29218;Bois énergie domestique;Chaleur;3305.0;4122.0;29;218
Pont-Croix;29218;Hydroélectricité;Electricité;0.0;0.0;29;218
Pont-Croix;29218;PAC (aérothermie et géothermie);Chaleur;1711.0;2395.0;29;218
Pont-Croix;29218;Solaire PV;Electricité;126.0;104.0;29;218
Pont-Croix;29218;Solaire thermique;Chaleur;28.0;40.0;29;218
Pont-l'Abbé;29220;Bois énergie domestique;Chaleur;10419.0;12994.0;29;220
Pont-l'Abbé;29220;Fossile;Chaleur;0.0;0.0;29;220
Pont-l'Abbé;29220;Fossile;Electricité;0.0;0.0;29;220
Pont-l'Abbé;29220;Hydroélectricité;Electricité;0.0;0.0;29;220
Pont-l'Abbé;29220;PAC (aérothermie et géothermie);Chaleur;6621.0;9265.0;29;220
Pont-l'Abbé;29220;Solaire PV;Electricité;194.0;306.0;29;220
Pont-l'Abbé;29220;Solaire thermique;Chaleur;110.0;150.0;29;220
Porspoder;29221;Bois énergie domestique;Chaleur;3940.0;4914.0;29;221
Porspoder;29221;Hydroélectricité;Electricité;0.0;0.0;29;221
Porspoder;29221;PAC (aérothermie et géothermie);Chaleur;2511.0;3513.0;29;221
Porspoder;29221;Solaire PV;Electricité;45.0;95.0;29;221
Porspoder;29221;Solaire thermique;Chaleur;42.0;60.0;29;221
Port-Launay;29222;Bois énergie domestique;Chaleur;730.0;910.0;29;222
Port-Launay;29222;Hydroélectricité;Electricité;0.0;0.0;29;222
Port-Launay;29222;PAC (aérothermie et géothermie);Chaleur;400.0;560.0;29;222
Port-Launay;29222;Solaire thermique;Chaleur;7.0;10.0;29;222
Pouldergat;29224;Bois énergie domestique;Chaleur;2159.0;2692.0;29;224
Pouldergat;29224;Éolien terrestre;Electricité;10115.0;6900.0;29;224
Pouldergat;29224;Hydroélectricité;Electricité;0.0;0.0;29;224
Pouldergat;29224;PAC (aérothermie et géothermie);Chaleur;1034.0;1447.0;29;224
Pouldergat;29224;Solaire PV;Electricité;145.0;136.0;29;224
Pouldergat;29224;Solaire thermique;Chaleur;17.0;20.0;29;224
Pouldreuzic;29225;Bois énergie domestique;Chaleur;4131.0;5152.0;29;225
Pouldreuzic;29225;Hydroélectricité;Electricité;0.0;0.0;29;225
Pouldreuzic;29225;Méthanisation;Chaleur;0.0;0.0;29;225
Pouldreuzic;29225;PAC (aérothermie et géothermie);Chaleur;2281.0;3191.0;29;225
Pouldreuzic;29225;Solaire PV;Electricité;63.0;89.0;29;225
Pouldreuzic;29225;Solaire thermique;Chaleur;38.0;50.0;29;225
Poullan-sur-Mer;29226;Bois énergie domestique;Chaleur;3187.0;3975.0;29;226
Poullan-sur-Mer;29226;Hydroélectricité;Electricité;0.0;0.0;29;226
Poullan-sur-Mer;29226;PAC (aérothermie et géothermie);Chaleur;1414.0;1978.0;29;226
Poullan-sur-Mer;29226;Solaire PV;Electricité;297.0;319.0;29;226
Poullan-sur-Mer;29226;Solaire thermique;Chaleur;23.0;30.0;29;226
Poullaouen;29227;Bois énergie chaufferies;Chaleur;107.0;85.0;29;227
Poullaouen;29227;Bois énergie domestique;Chaleur;3841.0;4791.0;29;227
Poullaouen;29227;Hydroélectricité;Electricité;0.0;0.0;29;227
Poullaouen;29227;PAC (aérothermie et géothermie);Chaleur;2109.0;2951.0;29;227
Poullaouen;29227;Solaire PV;Electricité;280.0;512.0;29;227
Poullaouen;29227;Solaire thermique;Chaleur;35.0;50.0;29;227
Primelin;29228;Bois énergie domestique;Chaleur;1987.0;2479.0;29;228
Primelin;29228;Hydroélectricité;Electricité;0.0;0.0;29;228
Primelin;29228;PAC (aérothermie et géothermie);Chaleur;1244.0;1740.0;29;228
Primelin;29228;Solaire thermique;Chaleur;21.0;30.0;29;228
Quéménéven;29229;Bois énergie domestique;Chaleur;2128.0;2654.0;29;229
Quéménéven;29229;Hydroélectricité;Electricité;0.0;0.0;29;229
Quéménéven;29229;PAC (aérothermie et géothermie);Chaleur;1114.0;1559.0;29;229
Quéménéven;29229;Solaire PV;Electricité;477.0;516.0;29;229
Quéménéven;29229;Solaire thermique;Chaleur;18.0;30.0;29;229
Querrien;29230;Bois énergie domestique;Chaleur;3710.0;4627.0;29;230
Querrien;29230;Hydroélectricité;Electricité;0.0;0.0;29;230
Querrien;29230;Méthanisation;Chaleur;113.0;22.0;29;230
Querrien;29230;Méthanisation;Electricité;113.0;22.0;29;230
Querrien;29230;PAC (aérothermie et géothermie);Chaleur;1792.0;2508.0;29;230
Querrien;29230;Solaire PV;Electricité;281.0;308.0;29;230
Querrien;29230;Solaire thermique;Chaleur;30.0;40.0;29;230
Quimper;29232;Bois énergie chaufferies;Chaleur;280.0;310.0;29;232
Quimper;29232;Bois énergie domestique;Chaleur;54095.0;67467.0;29;232
Quimper;29232;Fossile;Chaleur;0.0;0.0;29;232
Quimper;29232;Fossile;Electricité;0.0;0.0;29;232
Quimper;29232;Hydroélectricité;Electricité;0.0;0.0;29;232
Quimper;29232;Méthanisation;Biométhane;15902.5;3928.0;29;232
Quimper;29232;PAC (aérothermie et géothermie);Chaleur;31981.0;44750.0;29;232
Quimper;29232;Solaire PV;Electricité;1743.0;2594.0;29;232
Quimper;29232;Solaire thermique;Chaleur;530.0;740.0;29;232
Quimperlé;29233;Bois énergie chaufferies;Chaleur;2168.0;1090.0;29;233
Quimperlé;29233;Bois énergie domestique;Chaleur;13733.0;17128.0;29;233
Quimperlé;29233;Fossile;Chaleur;26802.0;8933.0;29;233
Quimperlé;29233;Fossile;Electricité;23824.0;7940.0;29;233
Quimperlé;29233;Hydroélectricité;Electricité;0.0;0.0;29;233
Quimperlé;29233;PAC (aérothermie et géothermie);Chaleur;7956.0;11133.0;29;233
Quimperlé;29233;Solaire PV;Electricité;431.0;575.0;29;233
Quimperlé;29233;Solaire thermique;Chaleur;132.0;180.0;29;233
Rédené;29234;Bois énergie chaufferies;Chaleur;797.0;440.0;29;234
Rédené;29234;Bois énergie domestique;Chaleur;4809.0;5998.0;29;234
Rédené;29234;Hydroélectricité;Electricité;0.0;0.0;29;234
Rédené;29234;Méthanisation;Chaleur;491.0;70.0;29;234
Rédené;29234;PAC (aérothermie et géothermie);Chaleur;2201.0;3079.0;29;234
Rédené;29234;Solaire PV;Electricité;136.0;252.0;29;234
Rédené;29234;Solaire thermique;Chaleur;36.0;50.0;29;234
Le Relecq-Kerhuon;29235;Bois énergie domestique;Chaleur;13298.0;16585.0;29;235
Le Relecq-Kerhuon;29235;Fossile;Chaleur;4118.0;1755.0;29;235
Le Relecq-Kerhuon;29235;Fossile;Electricité;3660.0;1560.0;29;235
Le Relecq-Kerhuon;29235;Hydroélectricité;Electricité;0.0;0.0;29;235
Le Relecq-Kerhuon;29235;PAC (aérothermie et géothermie);Chaleur;7279.0;10186.0;29;235
Le Relecq-Kerhuon;29235;Solaire PV;Electricité;182.0;314.0;29;235
Le Relecq-Kerhuon;29235;Solaire thermique;Chaleur;121.0;170.0;29;235
Riec-sur-Bélon;29236;Bois énergie chaufferies;Chaleur;25.0;25.0;29;236
Riec-sur-Bélon;29236;Bois énergie domestique;Chaleur;9389.0;11710.0;29;236
Riec-sur-Bélon;29236;Hydroélectricité;Electricité;16.0;12.0;29;236
Riec-sur-Bélon;29236;PAC (aérothermie et géothermie);Chaleur;4540.0;6353.0;29;236
Riec-sur-Bélon;29236;Solaire PV;Electricité;479.0;567.0;29;236
Riec-sur-Bélon;29236;Solaire thermique;Chaleur;75.0;110.0;29;236
La Roche-Maurice;29237;Bois énergie domestique;Chaleur;2934.0;3659.0;29;237
La Roche-Maurice;29237;Hydroélectricité;Electricité;0.0;0.0;29;237
La Roche-Maurice;29237;PAC (aérothermie et géothermie);Chaleur;1397.0;1955.0;29;237
La Roche-Maurice;29237;Solaire PV;Electricité;33.0;53.0;29;237
La Roche-Maurice;29237;Solaire thermique;Chaleur;23.0;30.0;29;237
Roscanvel;29238;Bois énergie domestique;Chaleur;2434.0;3036.0;29;238
Roscanvel;29238;Hydroélectricité;Electricité;0.0;0.0;29;238
Roscanvel;29238;PAC (aérothermie et géothermie);Chaleur;1604.0;2245.0;29;238
Roscanvel;29238;Solaire PV;Electricité;21.0;35.0;29;238
Roscanvel;29238;Solaire thermique;Chaleur;27.0;40.0;29;238
Roscoff;29239;Bois énergie chaufferies;Chaleur;2418.0;900.0;29;239
Roscoff;29239;Bois énergie domestique;Chaleur;4379.0;5461.0;29;239
Roscoff;29239;Hydroélectricité;Electricité;0.0;0.0;29;239
Roscoff;29239;PAC (aérothermie et géothermie);Chaleur;3512.0;4914.0;29;239
Roscoff;29239;Solaire PV;Electricité;116.0;130.0;29;239
Roscoff;29239;Solaire thermique;Chaleur;58.0;80.0;29;239
Rosnoën;29240;Bois énergie domestique;Chaleur;2009.0;2506.0;29;240
Rosnoën;29240;Hydroélectricité;Electricité;0.0;0.0;29;240
Rosnoën;29240;PAC (aérothermie et géothermie);Chaleur;969.0;1356.0;29;240
Rosnoën;29240;Solaire PV;Electricité;309.0;326.0;29;240
Rosnoën;29240;Solaire thermique;Chaleur;16.0;20.0;29;240
Rosporden;29241;Bois énergie chaufferies;Chaleur;536.0;320.0;29;241
Rosporden;29241;Bois énergie domestique;Chaleur;12522.0;15617.0;29;241
Rosporden;29241;Hydroélectricité;Electricité;0.0;0.0;29;241
Rosporden;29241;PAC (aérothermie et géothermie);Chaleur;6124.0;8569.0;29;241
Rosporden;29241;Solaire PV;Electricité;243.0;555.0;29;241
Rosporden;29241;Solaire thermique;Chaleur;101.0;140.0;29;241
Saint-Coulitz;29243;Bois énergie domestique;Chaleur;919.0;1146.0;29;243
Saint-Coulitz;29243;Éolien terrestre;Electricité;16273.0;8000.0;29;243
Saint-Coulitz;29243;Fossile;Chaleur;0.0;0.0;29;243
Saint-Coulitz;29243;Fossile;Electricité;105.0;6605.0;29;243
Saint-Coulitz;29243;Hydroélectricité;Electricité;0.0;0.0;29;243
Saint-Coulitz;29243;PAC (aérothermie et géothermie);Chaleur;437.0;612.0;29;243
Saint-Coulitz;29243;Solaire thermique;Chaleur;7.0;10.0;29;243
Saint-Derrien;29244;Bois énergie domestique;Chaleur;1506.0;1878.0;29;244
Saint-Derrien;29244;Hydroélectricité;Electricité;0.0;0.0;29;244
Saint-Derrien;29244;PAC (aérothermie et géothermie);Chaleur;648.0;907.0;29;244
Saint-Derrien;29244;Solaire PV;Electricité;46.0;61.0;29;244
Saint-Derrien;29244;Solaire thermique;Chaleur;11.0;20.0;29;244
Saint-Divy;29245;Bois énergie domestique;Chaleur;2551.0;3182.0;29;245
Saint-Divy;29245;Hydroélectricité;Electricité;0.0;0.0;29;245
Saint-Divy;29245;PAC (aérothermie et géothermie);Chaleur;1112.0;1556.0;29;245
Saint-Divy;29245;Solaire PV;Electricité;316.0;371.0;29;245
Saint-Divy;29245;Solaire thermique;Chaleur;18.0;30.0;29;245
Saint-Eloy;29246;Bois énergie domestique;Chaleur;438.0;546.0;29;246
Saint-Eloy;29246;Hydroélectricité;Electricité;0.0;0.0;29;246
Saint-Eloy;29246;PAC (aérothermie et géothermie);Chaleur;220.0;307.0;29;246
Saint-Eloy;29246;Solaire thermique;Chaleur;4.0;10.0;29;246
Saint-Évarzec;29247;Bois énergie chaufferies;Chaleur;72.0;50.0;29;247
Saint-Évarzec;29247;Bois énergie domestique;Chaleur;6025.0;7514.0;29;247
Saint-Évarzec;29247;Hydroélectricité;Electricité;0.0;0.0;29;247
Saint-Évarzec;29247;PAC (aérothermie et géothermie);Chaleur;2807.0;3927.0;29;247
Saint-Évarzec;29247;Solaire PV;Electricité;277.0;553.0;29;247
Saint-Évarzec;29247;Solaire thermique;Chaleur;47.0;70.0;29;247
Saint-Frégant;29248;Bois énergie domestique;Chaleur;1439.0;1794.0;29;248
Saint-Frégant;29248;Hydroélectricité;Electricité;0.0;0.0;29;248
Saint-Frégant;29248;PAC (aérothermie et géothermie);Chaleur;682.0;954.0;29;248
Saint-Frégant;29248;Solaire PV;Electricité;91.0;108.0;29;248
Saint-Frégant;29248;Solaire thermique;Chaleur;11.0;20.0;29;248
Saint-Goazec;29249;Bois énergie domestique;Chaleur;1902.0;2372.0;29;249
Saint-Goazec;29249;Hydroélectricité;Electricité;0.0;0.0;29;249
Saint-Goazec;29249;Méthanisation;Chaleur;0.0;0.0;29;249
Saint-Goazec;29249;PAC (aérothermie et géothermie);Chaleur;1066.0;1491.0;29;249
Saint-Goazec;29249;Solaire PV;Electricité;30.0;39.0;29;249
Saint-Goazec;29249;Solaire thermique;Chaleur;18.0;20.0;29;249
Saint-Hernin;29250;Bois énergie domestique;Chaleur;1841.0;2296.0;29;250
Saint-Hernin;29250;Hydroélectricité;Electricité;0.0;0.0;29;250
Saint-Hernin;29250;PAC (aérothermie et géothermie);Chaleur;901.0;1260.0;29;250
Saint-Hernin;29250;Solaire PV;Electricité;238.0;556.0;29;250
Saint-Hernin;29250;Solaire thermique;Chaleur;15.0;20.0;29;250
Saint-Jean-du-Doigt;29251;Bois énergie chaufferies;Chaleur;0.0;0.0;29;251
Saint-Jean-du-Doigt;29251;Bois énergie domestique;Chaleur;1437.0;1792.0;29;251
Saint-Jean-du-Doigt;29251;Hydroélectricité;Electricité;0.0;0.0;29;251
Saint-Jean-du-Doigt;29251;PAC (aérothermie et géothermie);Chaleur;856.0;1198.0;29;251
Saint-Jean-du-Doigt;29251;Solaire PV;Electricité;227.0;257.0;29;251
Saint-Jean-du-Doigt;29251;Solaire thermique;Chaleur;14.0;20.0;29;251
Saint-Jean-Trolimon;29252;Bois énergie domestique;Chaleur;1919.0;2394.0;29;252
Saint-Jean-Trolimon;29252;Hydroélectricité;Electricité;0.0;0.0;29;252
Saint-Jean-Trolimon;29252;PAC (aérothermie et géothermie);Chaleur;1031.0;1442.0;29;252
Saint-Jean-Trolimon;29252;Solaire PV;Electricité;23.0;44.0;29;252
Saint-Jean-Trolimon;29252;Solaire thermique;Chaleur;17.0;20.0;29;252
Saint-Martin-des-Champs;29254;Bois énergie domestique;Chaleur;5984.0;7464.0;29;254
Saint-Martin-des-Champs;29254;Hydroélectricité;Electricité;0.0;0.0;29;254
Saint-Martin-des-Champs;29254;Méthanisation;Chaleur;0.0;0.0;29;254
Saint-Martin-des-Champs;29254;PAC (aérothermie et géothermie);Chaleur;3542.0;4956.0;29;254
Saint-Martin-des-Champs;29254;Solaire PV;Electricité;392.0;502.0;29;254
Saint-Martin-des-Champs;29254;Solaire thermique;Chaleur;59.0;80.0;29;254
Saint-Méen;29255;Bois énergie domestique;Chaleur;1418.0;1768.0;29;255
Saint-Méen;29255;Hydroélectricité;Electricité;0.0;0.0;29;255
Saint-Méen;29255;PAC (aérothermie et géothermie);Chaleur;669.0;937.0;29;255
Saint-Méen;29255;Solaire PV;Electricité;29.0;44.0;29;255
Saint-Méen;29255;Solaire thermique;Chaleur;11.0;20.0;29;255
Saint-Nic;29256;Bois énergie domestique;Chaleur;1758.0;2192.0;29;256
Saint-Nic;29256;Hydroélectricité;Electricité;0.0;0.0;29;256
Saint-Nic;29256;PAC (aérothermie et géothermie);Chaleur;1367.0;1913.0;29;256
Saint-Nic;29256;Solaire PV;Electricité;184.0;190.0;29;256
Saint-Nic;29256;Solaire thermique;Chaleur;23.0;30.0;29;256
Saint-Pabu;29257;Bois énergie domestique;Chaleur;4125.0;5145.0;29;257
Saint-Pabu;29257;Hydroélectricité;Electricité;0.0;0.0;29;257
Saint-Pabu;29257;PAC (aérothermie et géothermie);Chaleur;2351.0;3290.0;29;257
Saint-Pabu;29257;Solaire PV;Electricité;299.0;270.0;29;257
Saint-Pabu;29257;Solaire thermique;Chaleur;39.0;50.0;29;257
Saint-Pol-de-Léon;29259;Bois énergie domestique;Chaleur;8820.0;11000.0;29;259
Saint-Pol-de-Léon;29259;Fossile;Chaleur;5572.0;1339.0;29;259
Saint-Pol-de-Léon;29259;Fossile;Electricité;4953.0;1190.0;29;259
Saint-Pol-de-Léon;29259;Hydroélectricité;Electricité;0.0;0.0;29;259
Saint-Pol-de-Léon;29259;PAC (aérothermie et géothermie);Chaleur;5965.0;8347.0;29;259
Saint-Pol-de-Léon;29259;Solaire PV;Electricité;561.0;893.0;29;259
Saint-Pol-de-Léon;29259;Solaire thermique;Chaleur;99.0;140.0;29;259
Saint-Renan;29260;Bois énergie domestique;Chaleur;8940.0;11150.0;29;260
Saint-Renan;29260;Fossile;Chaleur;35215.0;11742.0;29;260
Saint-Renan;29260;Fossile;Electricité;31302.0;10437.0;29;260
Saint-Renan;29260;Hydroélectricité;Electricité;0.0;0.0;29;260
Saint-Renan;29260;PAC (aérothermie et géothermie);Chaleur;4982.0;6971.0;29;260
Saint-Renan;29260;Solaire PV;Electricité;222.0;694.0;29;260
Saint-Renan;29260;Solaire thermique;Chaleur;83.0;120.0;29;260
Saint-Rivoal;29261;Bois énergie domestique;Chaleur;516.0;643.0;29;261
Saint-Rivoal;29261;Hydroélectricité;Electricité;0.0;0.0;29;261
Saint-Rivoal;29261;PAC (aérothermie et géothermie);Chaleur;298.0;417.0;29;261
Saint-Rivoal;29261;Solaire thermique;Chaleur;5.0;10.0;29;261
Saint-Sauveur;29262;Bois énergie domestique;Chaleur;1508.0;1881.0;29;262
Saint-Sauveur;29262;Hydroélectricité;Electricité;0.0;0.0;29;262
Saint-Sauveur;29262;Méthanisation;Chaleur;0.0;0.0;29;262
Saint-Sauveur;29262;PAC (aérothermie et géothermie);Chaleur;730.0;1022.0;29;262
Saint-Sauveur;29262;Solaire PV;Electricité;224.0;254.0;29;262
Saint-Sauveur;29262;Solaire thermique;Chaleur;12.0;20.0;29;262
Saint-Ségal;29263;Bois énergie domestique;Chaleur;2065.0;2576.0;29;263
Saint-Ségal;29263;Hydroélectricité;Electricité;0.0;0.0;29;263
Saint-Ségal;29263;PAC (aérothermie et géothermie);Chaleur;907.0;1268.0;29;263
Saint-Ségal;29263;Solaire PV;Electricité;50.0;67.0;29;263
Saint-Ségal;29263;Solaire thermique;Chaleur;15.0;20.0;29;263
Saint-Servais;29264;Bois énergie domestique;Chaleur;1201.0;1498.0;29;264
Saint-Servais;29264;Hydroélectricité;Electricité;0.0;0.0;29;264
Saint-Servais;29264;PAC (aérothermie et géothermie);Chaleur;556.0;779.0;29;264
Saint-Servais;29264;Solaire PV;Electricité;29.0;43.0;29;264
Saint-Servais;29264;Solaire thermique;Chaleur;9.0;10.0;29;264
Sainte-Sève;29265;Bois énergie domestique;Chaleur;1765.0;2201.0;29;265
Sainte-Sève;29265;Hydroélectricité;Electricité;0.0;0.0;29;265
Sainte-Sève;29265;PAC (aérothermie et géothermie);Chaleur;791.0;1107.0;29;265
Sainte-Sève;29265;Solaire PV;Electricité;166.0;163.0;29;265
Sainte-Sève;29265;Solaire thermique;Chaleur;13.0;20.0;29;265
Saint-Thégonnec Loc-Eguiner;29266;Bois énergie domestique;Chaleur;5176.0;6455.0;29;266
Saint-Thégonnec Loc-Eguiner;29266;Éolien terrestre;Electricité;7580.0;4000.0;29;266
Saint-Thégonnec Loc-Eguiner;29266;Hydroélectricité;Electricité;0.0;0.0;29;266
Saint-Thégonnec Loc-Eguiner;29266;Méthanisation;Chaleur;257.0;50.0;29;266
Saint-Thégonnec Loc-Eguiner;29266;Méthanisation;Electricité;170.0;33.0;29;266
Saint-Thégonnec Loc-Eguiner;29266;PAC (aérothermie et géothermie);Chaleur;2525.0;3533.0;29;266
Saint-Thégonnec Loc-Eguiner;29266;Solaire PV;Electricité;485.0;589.0;29;266
Saint-Thégonnec Loc-Eguiner;29266;Solaire thermique;Chaleur;42.0;60.0;29;266
Saint-Thois;29267;Bois énergie domestique;Chaleur;1376.0;1716.0;29;267
Saint-Thois;29267;Hydroélectricité;Electricité;0.0;0.0;29;267
Saint-Thois;29267;PAC (aérothermie et géothermie);Chaleur;802.0;1123.0;29;267
Saint-Thois;29267;Solaire thermique;Chaleur;13.0;20.0;29;267
Saint-Thonan;29268;Bois énergie domestique;Chaleur;2801.0;3493.0;29;268
Saint-Thonan;29268;Hydroélectricité;Electricité;0.0;0.0;29;268
Saint-Thonan;29268;PAC (aérothermie et géothermie);Chaleur;1223.0;1712.0;29;268
Saint-Thonan;29268;Solaire PV;Electricité;52.0;169.0;29;268
Saint-Thonan;29268;Solaire thermique;Chaleur;20.0;30.0;29;268
Saint-Thurien;29269;Bois énergie domestique;Chaleur;2136.0;2665.0;29;269
Saint-Thurien;29269;Hydroélectricité;Electricité;0.0;0.0;29;269
Saint-Thurien;29269;PAC (aérothermie et géothermie);Chaleur;992.0;1389.0;29;269
Saint-Thurien;29269;Solaire PV;Electricité;37.0;48.0;29;269
Saint-Thurien;29269;Solaire thermique;Chaleur;16.0;20.0;29;269
Saint-Urbain;29270;Bois énergie domestique;Chaleur;2504.0;3123.0;29;270
Saint-Urbain;29270;Hydroélectricité;Electricité;0.0;0.0;29;270
Saint-Urbain;29270;PAC (aérothermie et géothermie);Chaleur;1159.0;1622.0;29;270
Saint-Urbain;29270;Solaire PV;Electricité;43.0;215.0;29;270
Saint-Urbain;29270;Solaire thermique;Chaleur;19.0;30.0;29;270
Saint-Vougay;29271;Bois énergie domestique;Chaleur;1888.0;2355.0;29;271
Saint-Vougay;29271;Hydroélectricité;Electricité;0.0;0.0;29;271
Saint-Vougay;29271;PAC (aérothermie et géothermie);Chaleur;838.0;1173.0;29;271
Saint-Vougay;29271;Solaire PV;Electricité;570.0;582.0;29;271
Saint-Vougay;29271;Solaire thermique;Chaleur;14.0;20.0;29;271
Saint-Yvi;29272;Bois énergie chaufferies;Chaleur;178.0;600.0;29;272
Saint-Yvi;29272;Bois énergie domestique;Chaleur;5191.0;6474.0;29;272
Saint-Yvi;29272;Hydroélectricité;Electricité;0.0;0.0;29;272
Saint-Yvi;29272;PAC (aérothermie et géothermie);Chaleur;2405.0;3365.0;29;272
Saint-Yvi;29272;Solaire PV;Electricité;542.0;692.0;29;272
Saint-Yvi;29272;Solaire thermique;Chaleur;40.0;60.0;29;272
Santec;29273;Bois énergie domestique;Chaleur;5526.0;6892.0;29;273
Santec;29273;Hydroélectricité;Electricité;0.0;0.0;29;273
Santec;29273;PAC (aérothermie et géothermie);Chaleur;2891.0;4045.0;29;273
Santec;29273;Solaire PV;Electricité;62.0;92.0;29;273
Santec;29273;Solaire thermique;Chaleur;48.0;70.0;29;273
Scaër;29274;Bois énergie chaufferies;Chaleur;3073.0;1485.0;29;274
Scaër;29274;Bois énergie domestique;Chaleur;11037.0;13765.0;29;274
Scaër;29274;Éolien terrestre;Electricité;51427.0;27650.0;29;274
Scaër;29274;Fossile;Chaleur;829.0;2194.0;29;274
Scaër;29274;Fossile;Electricité;737.0;1950.0;29;274
Scaër;29274;Hydroélectricité;Electricité;1203.0;360.0;29;274
Scaër;29274;PAC (aérothermie et géothermie);Chaleur;5053.0;7071.0;29;274
Scaër;29274;Solaire PV;Electricité;651.0;637.0;29;274
Scaër;29274;Solaire thermique;Chaleur;84.0;120.0;29;274
Scrignac;29275;Bois énergie chaufferies;Chaleur;436.0;250.0;29;275
Scrignac;29275;Bois énergie domestique;Chaleur;2079.0;2593.0;29;275
Scrignac;29275;Hydroélectricité;Electricité;0.0;0.0;29;275
Scrignac;29275;PAC (aérothermie et géothermie);Chaleur;1360.0;1904.0;29;275
Scrignac;29275;Solaire thermique;Chaleur;23.0;30.0;29;275
Sibiril;29276;Bois énergie domestique;Chaleur;2772.0;3457.0;29;276
Sibiril;29276;Hydroélectricité;Electricité;0.0;0.0;29;276
Sibiril;29276;PAC (aérothermie et géothermie);Chaleur;1411.0;1974.0;29;276
Sibiril;29276;Solaire PV;Electricité;360.0;351.0;29;276
Sibiril;29276;Solaire thermique;Chaleur;23.0;30.0;29;276
Sizun;29277;Bois énergie chaufferies;Chaleur;421.0;220.0;29;277
Sizun;29277;Bois énergie domestique;Chaleur;4264.0;5319.0;29;277
Sizun;29277;Hydroélectricité;Electricité;649.0;160.0;29;277
Sizun;29277;Méthanisation;Chaleur;280.0;40.0;29;277
Sizun;29277;PAC (aérothermie et géothermie);Chaleur;2006.0;2808.0;29;277
Sizun;29277;Solaire PV;Electricité;203.0;545.0;29;277
Sizun;29277;Solaire thermique;Chaleur;33.0;50.0;29;277
Spézet;29278;Bois énergie domestique;Chaleur;4306.0;5371.0;29;278
Spézet;29278;Hydroélectricité;Electricité;0.0;0.0;29;278
Spézet;29278;PAC (aérothermie et géothermie);Chaleur;2139.0;2993.0;29;278
Spézet;29278;Solaire PV;Electricité;228.0;277.0;29;278
Spézet;29278;Solaire thermique;Chaleur;35.0;50.0;29;278
Taulé;29279;Bois énergie chaufferies;Chaleur;0.0;0.0;29;279
Taulé;29279;Bois énergie domestique;Chaleur;5169.0;6447.0;29;279
Taulé;29279;Fossile;Chaleur;28099.0;9729.0;29;279
Taulé;29279;Fossile;Electricité;35177.0;8648.0;29;279
Taulé;29279;Hydroélectricité;Electricité;0.0;0.0;29;279
Taulé;29279;Méthanisation;Chaleur;0.0;0.0;29;279
Taulé;29279;Méthanisation;Electricité;0.0;0.0;29;279
Taulé;29279;PAC (aérothermie et géothermie);Chaleur;2533.0;3544.0;29;279
Taulé;29279;Solaire PV;Electricité;455.0;446.0;29;279
Taulé;29279;Solaire thermique;Chaleur;42.0;60.0;29;279
Telgruc-sur-Mer;29280;Bois énergie domestique;Chaleur;4905.0;6118.0;29;280
Telgruc-sur-Mer;29280;Hydroélectricité;Electricité;0.0;0.0;29;280
Telgruc-sur-Mer;29280;PAC (aérothermie et géothermie);Chaleur;2729.0;3819.0;29;280
Telgruc-sur-Mer;29280;Solaire PV;Electricité;187.0;295.0;29;280
Telgruc-sur-Mer;29280;Solaire thermique;Chaleur;45.0;60.0;29;280
Tourch;29281;Bois énergie domestique;Chaleur;1782.0;2222.0;29;281
Tourch;29281;Hydroélectricité;Electricité;0.0;0.0;29;281
Tourch;29281;PAC (aérothermie et géothermie);Chaleur;892.0;1248.0;29;281
Tourch;29281;Solaire PV;Electricité;57.0;77.0;29;281
Tourch;29281;Solaire thermique;Chaleur;15.0;20.0;29;281
Trébabu;29282;Bois énergie domestique;Chaleur;686.0;855.0;29;282
Trébabu;29282;Hydroélectricité;Electricité;0.0;0.0;29;282
Trébabu;29282;PAC (aérothermie et géothermie);Chaleur;325.0;455.0;29;282
Trébabu;29282;Solaire thermique;Chaleur;5.0;10.0;29;282
Treffiagat;29284;Bois énergie domestique;Chaleur;4327.0;5397.0;29;284
Treffiagat;29284;Hydroélectricité;Electricité;0.0;0.0;29;284
Treffiagat;29284;PAC (aérothermie et géothermie);Chaleur;3315.0;4638.0;29;284
Treffiagat;29284;Solaire PV;Electricité;58.0;97.0;29;284
Treffiagat;29284;Solaire thermique;Chaleur;55.0;80.0;29;284
Tréflaouénan;29285;Bois énergie domestique;Chaleur;1096.0;1367.0;29;285
Tréflaouénan;29285;Hydroélectricité;Electricité;0.0;0.0;29;285
Tréflaouénan;29285;PAC (aérothermie et géothermie);Chaleur;492.0;688.0;29;285
Tréflaouénan;29285;Solaire PV;Electricité;153.0;140.0;29;285
Tréflaouénan;29285;Solaire thermique;Chaleur;8.0;10.0;29;285
Tréflévénez;29286;Bois énergie domestique;Chaleur;485.0;605.0;29;286
Tréflévénez;29286;Hydroélectricité;Electricité;0.0;0.0;29;286
Tréflévénez;29286;PAC (aérothermie et géothermie);Chaleur;221.0;309.0;29;286
Tréflévénez;29286;Solaire thermique;Chaleur;4.0;10.0;29;286
Tréflez;29287;Bois énergie domestique;Chaleur;2206.0;2751.0;29;287
Tréflez;29287;Hydroélectricité;Electricité;0.0;0.0;29;287
Tréflez;29287;PAC (aérothermie et géothermie);Chaleur;1239.0;1734.0;29;287
Tréflez;29287;Solaire PV;Electricité;197.0;260.0;29;287
Tréflez;29287;Solaire thermique;Chaleur;21.0;30.0;29;287
Trégarantec;29288;Bois énergie domestique;Chaleur;953.0;1188.0;29;288
Trégarantec;29288;Hydroélectricité;Electricité;0.0;0.0;29;288
Trégarantec;29288;PAC (aérothermie et géothermie);Chaleur;454.0;635.0;29;288
Trégarantec;29288;Solaire thermique;Chaleur;8.0;10.0;29;288
Trégarvan;29289;Bois énergie domestique;Chaleur;357.0;446.0;29;289
Trégarvan;29289;Hydroélectricité;Electricité;0.0;0.0;29;289
Trégarvan;29289;PAC (aérothermie et géothermie);Chaleur;235.0;328.0;29;289
Trégarvan;29289;Solaire thermique;Chaleur;4.0;10.0;29;289
Tréglonou;29290;Bois énergie domestique;Chaleur;1196.0;1492.0;29;290
Tréglonou;29290;Hydroélectricité;Electricité;0.0;0.0;29;290
Tréglonou;29290;PAC (aérothermie et géothermie);Chaleur;570.0;797.0;29;290
Tréglonou;29290;Solaire PV;Electricité;144.0;150.0;29;290
Tréglonou;29290;Solaire thermique;Chaleur;9.0;10.0;29;290
Trégourez;29291;Bois énergie domestique;Chaleur;1812.0;2260.0;29;291
Trégourez;29291;Hydroélectricité;Electricité;0.0;0.0;29;291
Trégourez;29291;Méthanisation;Chaleur;1049.0;219.0;29;291
Trégourez;29291;Méthanisation;Electricité;1179.0;246.0;29;291
Trégourez;29291;PAC (aérothermie et géothermie);Chaleur;933.0;1305.0;29;291
Trégourez;29291;Solaire PV;Electricité;231.0;210.0;29;291
Trégourez;29291;Solaire thermique;Chaleur;15.0;20.0;29;291
Tréguennec;29292;Bois énergie domestique;Chaleur;722.0;901.0;29;292
Tréguennec;29292;Hydroélectricité;Electricité;0.0;0.0;29;292
Tréguennec;29292;PAC (aérothermie et géothermie);Chaleur;479.0;670.0;29;292
Tréguennec;29292;Solaire thermique;Chaleur;8.0;10.0;29;292
Trégunc;29293;Bois énergie chaufferies;Chaleur;112.0;112.0;29;293
Trégunc;29293;Bois énergie domestique;Chaleur;15843.0;19760.0;29;293
Trégunc;29293;Hydroélectricité;Electricité;0.0;0.0;29;293
Trégunc;29293;PAC (aérothermie et géothermie);Chaleur;8143.0;11394.0;29;293
Trégunc;29293;Solaire PV;Electricité;716.0;854.0;29;293
Trégunc;29293;Solaire thermique;Chaleur;135.0;190.0;29;293
Le Tréhou;29294;Bois énergie domestique;Chaleur;1159.0;1446.0;29;294
Le Tréhou;29294;Hydroélectricité;Electricité;0.0;0.0;29;294
Le Tréhou;29294;Méthanisation;Chaleur;841.0;120.0;29;294
Le Tréhou;29294;PAC (aérothermie et géothermie);Chaleur;503.0;703.0;29;294
Le Tréhou;29294;Solaire PV;Electricité;245.0;284.0;29;294
Le Tréhou;29294;Solaire thermique;Chaleur;8.0;10.0;29;294
Trémaouézan;29295;Bois énergie domestique;Chaleur;896.0;1117.0;29;295
Trémaouézan;29295;Hydroélectricité;Electricité;0.0;0.0;29;295
Trémaouézan;29295;PAC (aérothermie et géothermie);Chaleur;420.0;588.0;29;295
Trémaouézan;29295;Solaire PV;Electricité;25.0;40.0;29;295
Trémaouézan;29295;Solaire thermique;Chaleur;7.0;10.0;29;295
Tréméoc;29296;Bois énergie domestique;Chaleur;2257.0;2815.0;29;296
Tréméoc;29296;Hydroélectricité;Electricité;0.0;0.0;29;296
Tréméoc;29296;PAC (aérothermie et géothermie);Chaleur;1111.0;1555.0;29;296
Tréméoc;29296;Solaire PV;Electricité;26.0;45.0;29;296
Tréméoc;29296;Solaire thermique;Chaleur;18.0;30.0;29;296
Tréméven;29297;Bois énergie domestique;Chaleur;4603.0;5741.0;29;297
Tréméven;29297;Hydroélectricité;Electricité;0.0;0.0;29;297
Tréméven;29297;PAC (aérothermie et géothermie);Chaleur;1887.0;2640.0;29;297
Tréméven;29297;Solaire PV;Electricité;41.0;65.0;29;297
Tréméven;29297;Solaire thermique;Chaleur;31.0;40.0;29;297
Tréogat;29298;Bois énergie domestique;Chaleur;1114.0;1390.0;29;298
Tréogat;29298;Hydroélectricité;Electricité;0.0;0.0;29;298
Tréogat;29298;PAC (aérothermie et géothermie);Chaleur;652.0;912.0;29;298
Tréogat;29298;Solaire thermique;Chaleur;11.0;20.0;29;298
Tréouergat;29299;Bois énergie domestique;Chaleur;525.0;655.0;29;299
Tréouergat;29299;Hydroélectricité;Electricité;0.0;0.0;29;299
Tréouergat;29299;PAC (aérothermie et géothermie);Chaleur;254.0;355.0;29;299
Tréouergat;29299;Solaire thermique;Chaleur;4.0;10.0;29;299
Le Trévoux;29300;Bois énergie chaufferies;Chaleur;146.0;110.0;29;300
Le Trévoux;29300;Bois énergie domestique;Chaleur;2928.0;3652.0;29;300
Le Trévoux;29300;Hydroélectricité;Electricité;0.0;0.0;29;300
Le Trévoux;29300;PAC (aérothermie et géothermie);Chaleur;1258.0;1760.0;29;300
Le Trévoux;29300;Solaire PV;Electricité;106.0;181.0;29;300
Le Trévoux;29300;Solaire thermique;Chaleur;21.0;30.0;29;300
Trézilidé;29301;Bois énergie domestique;Chaleur;717.0;894.0;29;301
Trézilidé;29301;Hydroélectricité;Electricité;0.0;0.0;29;301
Trézilidé;29301;PAC (aérothermie et géothermie);Chaleur;307.0;429.0;29;301
Trézilidé;29301;Solaire PV;Electricité;93.0;93.0;29;301
Trézilidé;29301;Solaire thermique;Chaleur;5.0;10.0;29;301
Pont-de-Buis-lès-Quimerch;29302;Bois énergie chaufferies;Chaleur;632.0;200.0;29;302
Pont-de-Buis-lès-Quimerch;29302;Bois énergie domestique;Chaleur;7160.0;8930.0;29;302
Pont-de-Buis-lès-Quimerch;29302;Hydroélectricité;Electricité;0.0;0.0;29;302
Pont-de-Buis-lès-Quimerch;29302;PAC (aérothermie et géothermie);Chaleur;3320.0;4645.0;29;302
Pont-de-Buis-lès-Quimerch;29302;Solaire PV;Electricité;318.0;440.0;29;302
Pont-de-Buis-lès-Quimerch;29302;Solaire thermique;Chaleur;55.0;80.0;29;302
Acigné;35001;Bois énergie chaufferies;Chaleur;215.0;70.0;35;001
Acigné;35001;Bois énergie domestique;Chaleur;6655.0;8300.0;35;001
Acigné;35001;Hydroélectricité;Electricité;0.0;0.0;35;001
Acigné;35001;PAC (aérothermie et géothermie);Chaleur;3703.0;5181.0;35;001
Acigné;35001;Solaire PV;Electricité;432.0;556.0;35;001
Acigné;35001;Solaire thermique;Chaleur;61.0;90.0;35;001
Amanlis;35002;Bois énergie domestique;Chaleur;2772.0;3458.0;35;002
Amanlis;35002;Hydroélectricité;Electricité;0.0;0.0;35;002
Amanlis;35002;PAC (aérothermie et géothermie);Chaleur;1306.0;1828.0;35;002
Amanlis;35002;Solaire PV;Electricité;365.0;323.0;35;002
Amanlis;35002;Solaire thermique;Chaleur;22.0;30.0;35;002
Andouillé-Neuville;35003;Bois énergie domestique;Chaleur;1423.0;1775.0;35;003
Andouillé-Neuville;35003;Hydroélectricité;Electricité;0.0;0.0;35;003
Andouillé-Neuville;35003;Méthanisation;Chaleur;1569.0;219.0;35;003
Andouillé-Neuville;35003;Méthanisation;Electricité;1412.0;193.0;35;003
Andouillé-Neuville;35003;PAC (aérothermie et géothermie);Chaleur;664.0;929.0;35;003
Andouillé-Neuville;35003;Solaire PV;Electricité;331.0;418.0;35;003
Andouillé-Neuville;35003;Solaire thermique;Chaleur;11.0;20.0;35;003
Val-Couesnon;35004;Bois énergie chaufferies;Chaleur;21373.0;4575.0;35;004
Val-Couesnon;35004;Bois énergie domestique;Chaleur;7797.0;9724.0;35;004
Val-Couesnon;35004;Hydroélectricité;Electricité;0.0;0.0;35;004
Val-Couesnon;35004;PAC (aérothermie et géothermie);Chaleur;3819.0;5344.0;35;004
Val-Couesnon;35004;Solaire PV;Electricité;617.0;764.0;35;004
Val-Couesnon;35004;Solaire thermique;Chaleur;63.0;90.0;35;004
Arbrissel;35005;Bois énergie domestique;Chaleur;518.0;646.0;35;005
Arbrissel;35005;Hydroélectricité;Electricité;0.0;0.0;35;005
Arbrissel;35005;PAC (aérothermie et géothermie);Chaleur;216.0;302.0;35;005
Arbrissel;35005;Solaire PV;Electricité;333.0;273.0;35;005
Arbrissel;35005;Solaire thermique;Chaleur;4.0;10.0;35;005
Argentré-du-Plessis;35006;Bois énergie chaufferies;Chaleur;10270.0;7760.0;35;006
Argentré-du-Plessis;35006;Bois énergie domestique;Chaleur;6804.0;8486.0;35;006
Argentré-du-Plessis;35006;Hydroélectricité;Electricité;0.0;0.0;35;006
Argentré-du-Plessis;35006;Méthanisation;Biométhane;4275.5;1786.0;35;006
Argentré-du-Plessis;35006;PAC (aérothermie et géothermie);Chaleur;3109.0;4351.0;35;006
Argentré-du-Plessis;35006;Solaire PV;Electricité;616.0;766.0;35;006
Argentré-du-Plessis;35006;Solaire thermique;Chaleur;52.0;70.0;35;006
Aubigné;35007;Bois énergie domestique;Chaleur;675.0;842.0;35;007
Aubigné;35007;Hydroélectricité;Electricité;0.0;0.0;35;007
Aubigné;35007;Méthanisation;Biométhane;9867.9;1122.0;35;007
Aubigné;35007;PAC (aérothermie et géothermie);Chaleur;311.0;435.0;35;007
Aubigné;35007;Solaire thermique;Chaleur;5.0;10.0;35;007
Availles-sur-Seiche;35008;Bois énergie chaufferies;Chaleur;107.0;60.0;35;008
Availles-sur-Seiche;35008;Bois énergie domestique;Chaleur;1074.0;1340.0;35;008
Availles-sur-Seiche;35008;Hydroélectricité;Electricité;0.0;0.0;35;008
Availles-sur-Seiche;35008;PAC (aérothermie et géothermie);Chaleur;430.0;602.0;35;008
Availles-sur-Seiche;35008;Solaire PV;Electricité;1381.0;1280.0;35;008
Availles-sur-Seiche;35008;Solaire thermique;Chaleur;7.0;10.0;35;008
Baguer-Morvan;35009;Bois énergie chaufferies;Chaleur;57.0;85.0;35;009
Baguer-Morvan;35009;Bois énergie domestique;Chaleur;3181.0;3968.0;35;009
Baguer-Morvan;35009;Hydroélectricité;Electricité;0.0;0.0;35;009
Baguer-Morvan;35009;PAC (aérothermie et géothermie);Chaleur;1415.0;1980.0;35;009
Baguer-Morvan;35009;Solaire PV;Electricité;65.0;302.0;35;009
Baguer-Morvan;35009;Solaire thermique;Chaleur;23.0;30.0;35;009
Baguer-Pican;35010;Bois énergie domestique;Chaleur;2663.0;3321.0;35;010
Baguer-Pican;35010;Hydroélectricité;Electricité;0.0;0.0;35;010
Baguer-Pican;35010;Méthanisation;Biométhane;6296.4;765.0;35;010
Baguer-Pican;35010;Méthanisation;Chaleur;1317.0;160.0;35;010
Baguer-Pican;35010;Méthanisation;Electricité;1317.0;160.0;35;010
Baguer-Pican;35010;PAC (aérothermie et géothermie);Chaleur;1309.0;1831.0;35;010
Baguer-Pican;35010;Solaire PV;Electricité;787.0;669.0;35;010
Baguer-Pican;35010;Solaire thermique;Chaleur;22.0;30.0;35;010
Bain-de-Bretagne;35012;Bois énergie domestique;Chaleur;8167.0;10186.0;35;012
Bain-de-Bretagne;35012;Éolien terrestre;Electricité;15.0;10.0;35;012
Bain-de-Bretagne;35012;Hydroélectricité;Electricité;0.0;0.0;35;012
Bain-de-Bretagne;35012;Méthanisation;Biométhane;7866.6;816.0;35;012
Bain-de-Bretagne;35012;PAC (aérothermie et géothermie);Chaleur;4808.0;6728.0;35;012
Bain-de-Bretagne;35012;Solaire PV;Electricité;1473.0;1320.0;35;012
Bain-de-Bretagne;35012;Solaire thermique;Chaleur;80.0;110.0;35;012
Bains-sur-Oust;35013;Bois énergie domestique;Chaleur;7054.0;8797.0;35;013
Bains-sur-Oust;35013;Hydroélectricité;Electricité;0.0;0.0;35;013
Bains-sur-Oust;35013;PAC (aérothermie et géothermie);Chaleur;3122.0;4369.0;35;013
Bains-sur-Oust;35013;Solaire PV;Electricité;662.0;665.0;35;013
Bains-sur-Oust;35013;Solaire thermique;Chaleur;52.0;70.0;35;013
Bais;35014;Bois énergie chaufferies;Chaleur;122.0;80.0;35;014
Bais;35014;Bois énergie domestique;Chaleur;4237.0;5285.0;35;014
Bais;35014;Hydroélectricité;Electricité;0.0;0.0;35;014
Bais;35014;Méthanisation;Chaleur;4105.0;599.0;35;014
Bais;35014;Méthanisation;Electricité;3420.0;499.0;35;014
Bais;35014;PAC (aérothermie et géothermie);Chaleur;1744.0;2440.0;35;014
Bais;35014;Solaire PV;Electricité;1422.0;1595.0;35;014
Bais;35014;Solaire thermique;Chaleur;29.0;40.0;35;014
Balazé;35015;Bois énergie domestique;Chaleur;3441.0;4292.0;35;015
Balazé;35015;Éolien terrestre;Electricité;16205.0;8300.0;35;015
Balazé;35015;Hydroélectricité;Electricité;0.0;0.0;35;015
Balazé;35015;PAC (aérothermie et géothermie);Chaleur;1595.0;2231.0;35;015
Balazé;35015;Solaire PV;Electricité;416.0;407.0;35;015
Balazé;35015;Solaire thermique;Chaleur;26.0;40.0;35;015
Baulon;35016;Bois énergie chaufferies;Chaleur;250.0;200.0;35;016
Baulon;35016;Bois énergie domestique;Chaleur;3483.0;4344.0;35;016
Baulon;35016;Hydroélectricité;Electricité;0.0;0.0;35;016
Baulon;35016;PAC (aérothermie et géothermie);Chaleur;1605.0;2245.0;35;016
Baulon;35016;Solaire PV;Electricité;580.0;683.0;35;016
Baulon;35016;Solaire thermique;Chaleur;27.0;40.0;35;016
La Baussaine;35017;Bois énergie domestique;Chaleur;1051.0;1310.0;35;017
La Baussaine;35017;Hydroélectricité;Electricité;0.0;0.0;35;017
La Baussaine;35017;PAC (aérothermie et géothermie);Chaleur;497.0;695.0;35;017
La Baussaine;35017;Solaire PV;Electricité;116.0;85.0;35;017
La Baussaine;35017;Solaire thermique;Chaleur;8.0;10.0;35;017
La Bazouge-du-Désert;35018;Bois énergie chaufferies;Chaleur;433.0;355.0;35;018
La Bazouge-du-Désert;35018;Bois énergie domestique;Chaleur;1909.0;2381.0;35;018
La Bazouge-du-Désert;35018;Hydroélectricité;Electricité;0.0;0.0;35;018
La Bazouge-du-Désert;35018;Méthanisation;Chaleur;1702.0;340.0;35;018
La Bazouge-du-Désert;35018;Méthanisation;Electricité;1711.0;328.0;35;018
La Bazouge-du-Désert;35018;PAC (aérothermie et géothermie);Chaleur;937.0;1311.0;35;018
La Bazouge-du-Désert;35018;Solaire PV;Electricité;75.0;93.0;35;018
La Bazouge-du-Désert;35018;Solaire thermique;Chaleur;16.0;20.0;35;018
Bazouges-la-Pérouse;35019;Bois énergie chaufferies;Chaleur;655.0;341.0;35;019
Bazouges-la-Pérouse;35019;Bois énergie domestique;Chaleur;3647.0;4549.0;35;019
Bazouges-la-Pérouse;35019;Éolien terrestre;Electricité;12435.0;6000.0;35;019
Bazouges-la-Pérouse;35019;Hydroélectricité;Electricité;0.0;0.0;35;019
Bazouges-la-Pérouse;35019;PAC (aérothermie et géothermie);Chaleur;1784.0;2496.0;35;019
Bazouges-la-Pérouse;35019;Solaire PV;Electricité;598.0;609.0;35;019
Bazouges-la-Pérouse;35019;Solaire thermique;Chaleur;30.0;40.0;35;019
Beaucé;35021;Bois énergie domestique;Chaleur;1819.0;2269.0;35;021
Beaucé;35021;Hydroélectricité;Electricité;0.0;0.0;35;021
Beaucé;35021;PAC (aérothermie et géothermie);Chaleur;999.0;1397.0;35;021
Beaucé;35021;Solaire PV;Electricité;41.0;73.0;35;021
Beaucé;35021;Solaire thermique;Chaleur;17.0;20.0;35;021
Bécherel;35022;Bois énergie domestique;Chaleur;965.0;1203.0;35;022
Bécherel;35022;Hydroélectricité;Electricité;0.0;0.0;35;022
Bécherel;35022;PAC (aérothermie et géothermie);Chaleur;495.0;693.0;35;022
Bécherel;35022;Solaire thermique;Chaleur;8.0;10.0;35;022
Bédée;35023;Bois énergie chaufferies;Chaleur;48.0;35.0;35;023
Bédée;35023;Bois énergie domestique;Chaleur;5153.0;6427.0;35;023
Bédée;35023;Hydroélectricité;Electricité;0.0;0.0;35;023
Bédée;35023;PAC (aérothermie et géothermie);Chaleur;2905.0;4065.0;35;023
Bédée;35023;Solaire PV;Electricité;474.0;552.0;35;023
Bédée;35023;Solaire thermique;Chaleur;48.0;70.0;35;023
Betton;35024;Bois énergie chaufferies;Chaleur;228.0;250.0;35;024
Betton;35024;Bois énergie domestique;Chaleur;11220.0;13994.0;35;024
Betton;35024;Hydroélectricité;Electricité;0.0;0.0;35;024
Betton;35024;Méthanisation;Biométhane;139.6;714.0;35;024
Betton;35024;PAC (aérothermie et géothermie);Chaleur;6163.0;8624.0;35;024
Betton;35024;Solaire PV;Electricité;516.0;599.0;35;024
Betton;35024;Solaire thermique;Chaleur;102.0;140.0;35;024
Billé;35025;Bois énergie chaufferies;Chaleur;112.0;110.0;35;025
Billé;35025;Bois énergie domestique;Chaleur;1753.0;2187.0;35;025
Billé;35025;Hydroélectricité;Electricité;0.0;0.0;35;025
Billé;35025;PAC (aérothermie et géothermie);Chaleur;806.0;1128.0;35;025
Billé;35025;Solaire PV;Electricité;32.0;44.0;35;025
Billé;35025;Solaire thermique;Chaleur;13.0;20.0;35;025
Bléruais;35026;Bois énergie domestique;Chaleur;191.0;239.0;35;026
Bléruais;35026;Hydroélectricité;Electricité;0.0;0.0;35;026
Bléruais;35026;PAC (aérothermie et géothermie);Chaleur;83.0;116.0;35;026
Bléruais;35026;Solaire PV;Electricité;39.0;99.0;35;026
Bléruais;35026;Solaire thermique;Chaleur;1.0;0.0;35;026
Boisgervilly;35027;Bois énergie domestique;Chaleur;2759.0;3441.0;35;027
Boisgervilly;35027;Hydroélectricité;Electricité;0.0;0.0;35;027
Boisgervilly;35027;Méthanisation;Biométhane;13470.6;1530.0;35;027
Boisgervilly;35027;Méthanisation;Chaleur;928.0;126.0;35;027
Boisgervilly;35027;Méthanisation;Electricité;773.0;105.0;35;027
Boisgervilly;35027;PAC (aérothermie et géothermie);Chaleur;1240.0;1735.0;35;027
Boisgervilly;35027;Solaire PV;Electricité;671.0;645.0;35;027
Boisgervilly;35027;Solaire thermique;Chaleur;21.0;30.0;35;027
Boistrudan;35028;Bois énergie domestique;Chaleur;1164.0;1451.0;35;028
Boistrudan;35028;Hydroélectricité;Electricité;0.0;0.0;35;028
Boistrudan;35028;PAC (aérothermie et géothermie);Chaleur;540.0;755.0;35;028
Boistrudan;35028;Solaire PV;Electricité;74.0;130.0;35;028
Boistrudan;35028;Solaire thermique;Chaleur;9.0;10.0;35;028
Bonnemain;35029;Bois énergie domestique;Chaleur;3048.0;3802.0;35;029
Bonnemain;35029;Hydroélectricité;Electricité;0.0;0.0;35;029
Bonnemain;35029;PAC (aérothermie et géothermie);Chaleur;1417.0;1983.0;35;029
Bonnemain;35029;Solaire PV;Electricité;2239.0;2286.0;35;029
Bonnemain;35029;Solaire thermique;Chaleur;24.0;30.0;35;029
La Bosse-de-Bretagne;35030;Bois énergie domestique;Chaleur;1085.0;1354.0;35;030
La Bosse-de-Bretagne;35030;Hydroélectricité;Electricité;0.0;0.0;35;030
La Bosse-de-Bretagne;35030;PAC (aérothermie et géothermie);Chaleur;535.0;749.0;35;030
La Bosse-de-Bretagne;35030;Solaire PV;Electricité;214.0;228.0;35;030
La Bosse-de-Bretagne;35030;Solaire thermique;Chaleur;9.0;10.0;35;030
La Bouëxière;35031;Bois énergie chaufferies;Chaleur;292.0;260.0;35;031
La Bouëxière;35031;Bois énergie domestique;Chaleur;6598.0;8229.0;35;031
La Bouëxière;35031;Hydroélectricité;Electricité;0.0;0.0;35;031
La Bouëxière;35031;PAC (aérothermie et géothermie);Chaleur;3061.0;4284.0;35;031
La Bouëxière;35031;Solaire PV;Electricité;197.0;255.0;35;031
La Bouëxière;35031;Solaire thermique;Chaleur;51.0;70.0;35;031
Bourgbarré;35032;Bois énergie chaufferies;Chaleur;6478.0;3900.0;35;032
Bourgbarré;35032;Bois énergie domestique;Chaleur;4569.0;5698.0;35;032
Bourgbarré;35032;Hydroélectricité;Electricité;0.0;0.0;35;032
Bourgbarré;35032;PAC (aérothermie et géothermie);Chaleur;2496.0;3493.0;35;032
Bourgbarré;35032;Solaire PV;Electricité;2566.0;2822.0;35;032
Bourgbarré;35032;Solaire thermique;Chaleur;41.0;60.0;35;032
Bourg-des-Comptes;35033;Bois énergie domestique;Chaleur;4717.0;5883.0;35;033
Bourg-des-Comptes;35033;Hydroélectricité;Electricité;0.0;0.0;35;033
Bourg-des-Comptes;35033;PAC (aérothermie et géothermie);Chaleur;2219.0;3105.0;35;033
Bourg-des-Comptes;35033;Solaire PV;Electricité;441.0;761.0;35;033
Bourg-des-Comptes;35033;Solaire thermique;Chaleur;37.0;50.0;35;033
La Boussac;35034;Bois énergie domestique;Chaleur;2484.0;3098.0;35;034
La Boussac;35034;Hydroélectricité;Electricité;0.0;0.0;35;034
La Boussac;35034;Méthanisation;Biométhane;0.0;0.0;35;034
La Boussac;35034;PAC (aérothermie et géothermie);Chaleur;1213.0;1698.0;35;034
La Boussac;35034;Solaire PV;Electricité;182.0;290.0;35;034
La Boussac;35034;Solaire thermique;Chaleur;20.0;30.0;35;034
Bovel;35035;Bois énergie chaufferies;Chaleur;208.0;100.0;35;035
Bovel;35035;Bois énergie domestique;Chaleur;970.0;1210.0;35;035
Bovel;35035;Hydroélectricité;Electricité;0.0;0.0;35;035
Bovel;35035;PAC (aérothermie et géothermie);Chaleur;470.0;657.0;35;035
Bovel;35035;Solaire PV;Electricité;280.0;389.0;35;035
Bovel;35035;Solaire thermique;Chaleur;8.0;10.0;35;035
Bréal-sous-Montfort;35037;Bois énergie domestique;Chaleur;6960.0;8681.0;35;037
Bréal-sous-Montfort;35037;Hydroélectricité;Electricité;0.0;0.0;35;037
Bréal-sous-Montfort;35037;Méthanisation;Biométhane;5578.7;663.0;35;037
Bréal-sous-Montfort;35037;PAC (aérothermie et géothermie);Chaleur;3895.0;5451.0;35;037
Bréal-sous-Montfort;35037;Solaire PV;Electricité;1251.0;1205.0;35;037
Bréal-sous-Montfort;35037;Solaire thermique;Chaleur;65.0;90.0;35;037
Bréal-sous-Vitré;35038;Bois énergie domestique;Chaleur;1079.0;1346.0;35;038
Bréal-sous-Vitré;35038;Hydroélectricité;Electricité;0.0;0.0;35;038
Bréal-sous-Vitré;35038;PAC (aérothermie et géothermie);Chaleur;495.0;693.0;35;038
Bréal-sous-Vitré;35038;Solaire PV;Electricité;83.0;85.0;35;038
Bréal-sous-Vitré;35038;Solaire thermique;Chaleur;8.0;10.0;35;038
Brécé;35039;Bois énergie domestique;Chaleur;2604.0;3248.0;35;039
Brécé;35039;Hydroélectricité;Electricité;0.0;0.0;35;039
Brécé;35039;PAC (aérothermie et géothermie);Chaleur;1143.0;1599.0;35;039
Brécé;35039;Solaire PV;Electricité;78.0;103.0;35;039
Brécé;35039;Solaire thermique;Chaleur;19.0;30.0;35;039
Breteil;35040;Bois énergie domestique;Chaleur;5126.0;6393.0;35;040
Breteil;35040;Éolien terrestre;Electricité;15.0;10.0;35;040
Breteil;35040;Hydroélectricité;Electricité;0.0;0.0;35;040
Breteil;35040;PAC (aérothermie et géothermie);Chaleur;2272.0;3179.0;35;040
Breteil;35040;Solaire PV;Electricité;318.0;808.0;35;040
Breteil;35040;Solaire thermique;Chaleur;38.0;50.0;35;040
Brie;35041;Bois énergie domestique;Chaleur;1515.0;1889.0;35;041
Brie;35041;Hydroélectricité;Electricité;0.0;0.0;35;041
Brie;35041;PAC (aérothermie et géothermie);Chaleur;671.0;939.0;35;041
Brie;35041;Solaire PV;Electricité;841.0;1016.0;35;041
Brie;35041;Solaire thermique;Chaleur;11.0;20.0;35;041
Brielles;35042;Bois énergie domestique;Chaleur;1106.0;1379.0;35;042
Brielles;35042;Hydroélectricité;Electricité;0.0;0.0;35;042
Brielles;35042;PAC (aérothermie et géothermie);Chaleur;539.0;754.0;35;042
Brielles;35042;Solaire PV;Electricité;279.0;278.0;35;042
Brielles;35042;Solaire thermique;Chaleur;9.0;10.0;35;042
Broualan;35044;Bois énergie chaufferies;Chaleur;95.0;60.0;35;044
Broualan;35044;Bois énergie domestique;Chaleur;726.0;905.0;35;044
Broualan;35044;Hydroélectricité;Electricité;0.0;0.0;35;044
Broualan;35044;PAC (aérothermie et géothermie);Chaleur;334.0;467.0;35;044
Broualan;35044;Solaire thermique;Chaleur;6.0;10.0;35;044
Bruc-sur-Aff;35045;Bois énergie chaufferies;Chaleur;291.0;300.0;35;045
Bruc-sur-Aff;35045;Bois énergie domestique;Chaleur;1791.0;2234.0;35;045
Bruc-sur-Aff;35045;Hydroélectricité;Electricité;0.0;0.0;35;045
Bruc-sur-Aff;35045;PAC (aérothermie et géothermie);Chaleur;891.0;1246.0;35;045
Bruc-sur-Aff;35045;Solaire PV;Electricité;590.0;601.0;35;045
Bruc-sur-Aff;35045;Solaire thermique;Chaleur;15.0;20.0;35;045
Les Brulais;35046;Bois énergie domestique;Chaleur;1062.0;1324.0;35;046
Les Brulais;35046;Hydroélectricité;Electricité;0.0;0.0;35;046
Les Brulais;35046;PAC (aérothermie et géothermie);Chaleur;494.0;691.0;35;046
Les Brulais;35046;Solaire PV;Electricité;39.0;41.0;35;046
Les Brulais;35046;Solaire thermique;Chaleur;8.0;10.0;35;046
Bruz;35047;Bois énergie chaufferies;Chaleur;188.0;104.0;35;047
Bruz;35047;Bois énergie domestique;Chaleur;15303.0;19087.0;35;047
Bruz;35047;Fossile;Chaleur;0.0;0.0;35;047
Bruz;35047;Fossile;Electricité;0.0;4200.0;35;047
Bruz;35047;Hydroélectricité;Electricité;371.0;120.0;35;047
Bruz;35047;PAC (aérothermie et géothermie);Chaleur;8624.0;12067.0;35;047
Bruz;35047;Solaire PV;Electricité;17179.0;13092.0;35;047
Bruz;35047;Solaire thermique;Chaleur;143.0;200.0;35;047
Cancale;35049;Bois énergie domestique;Chaleur;9582.0;11951.0;35;049
Cancale;35049;Hydroélectricité;Electricité;0.0;0.0;35;049
Cancale;35049;PAC (aérothermie et géothermie);Chaleur;6477.0;9063.0;35;049
Cancale;35049;Solaire PV;Electricité;214.0;284.0;35;049
Cancale;35049;Solaire thermique;Chaleur;107.0;150.0;35;049
Cardroc;35050;Bois énergie domestique;Chaleur;911.0;1136.0;35;050
Cardroc;35050;Hydroélectricité;Electricité;0.0;0.0;35;050
Cardroc;35050;PAC (aérothermie et géothermie);Chaleur;443.0;620.0;35;050
Cardroc;35050;Solaire thermique;Chaleur;7.0;10.0;35;050
Cesson-Sévigné;35051;Bois énergie chaufferies;Chaleur;6127.0;2999.0;35;051
Cesson-Sévigné;35051;Bois énergie domestique;Chaleur;14443.0;18013.0;35;051
Cesson-Sévigné;35051;Hydroélectricité;Electricité;0.0;0.0;35;051
Cesson-Sévigné;35051;PAC (aérothermie et géothermie);Chaleur;8012.0;11211.0;35;051
Cesson-Sévigné;35051;Solaire PV;Electricité;547.0;1136.0;35;051
Cesson-Sévigné;35051;Solaire thermique;Chaleur;133.0;190.0;35;051
Champeaux;35052;Bois énergie domestique;Chaleur;826.0;1031.0;35;052
Champeaux;35052;Hydroélectricité;Electricité;0.0;0.0;35;052
Champeaux;35052;PAC (aérothermie et géothermie);Chaleur;369.0;517.0;35;052
Champeaux;35052;Solaire thermique;Chaleur;6.0;10.0;35;052
Chanteloup;35054;Bois énergie domestique;Chaleur;2707.0;3377.0;35;054
Chanteloup;35054;Hydroélectricité;Electricité;0.0;0.0;35;054
Chanteloup;35054;PAC (aérothermie et géothermie);Chaleur;1253.0;1754.0;35;054
Chanteloup;35054;Solaire PV;Electricité;364.0;339.0;35;054
Chanteloup;35054;Solaire thermique;Chaleur;21.0;30.0;35;054
Chantepie;35055;Bois énergie domestique;Chaleur;6102.0;7610.0;35;055
Chantepie;35055;Hydroélectricité;Electricité;0.0;0.0;35;055
Chantepie;35055;PAC (aérothermie et géothermie);Chaleur;3397.0;4754.0;35;055
Chantepie;35055;Solaire PV;Electricité;965.0;910.0;35;055
Chantepie;35055;Solaire thermique;Chaleur;56.0;80.0;35;055
La Chapelle-aux-Filtzméens;35056;Bois énergie chaufferies;Chaleur;429.0;170.0;35;056
La Chapelle-aux-Filtzméens;35056;Bois énergie domestique;Chaleur;1309.0;1633.0;35;056
La Chapelle-aux-Filtzméens;35056;Hydroélectricité;Electricité;0.0;0.0;35;056
La Chapelle-aux-Filtzméens;35056;PAC (aérothermie et géothermie);Chaleur;626.0;875.0;35;056
La Chapelle-aux-Filtzméens;35056;Solaire PV;Electricité;24.0;35.0;35;056
La Chapelle-aux-Filtzméens;35056;Solaire thermique;Chaleur;10.0;10.0;35;056
La Chapelle-Bouëxic;35057;Bois énergie domestique;Chaleur;2261.0;2820.0;35;057
La Chapelle-Bouëxic;35057;Hydroélectricité;Electricité;0.0;0.0;35;057
La Chapelle-Bouëxic;35057;PAC (aérothermie et géothermie);Chaleur;1086.0;1520.0;35;057
La Chapelle-Bouëxic;35057;Solaire PV;Electricité;648.0;561.0;35;057
La Chapelle-Bouëxic;35057;Solaire thermique;Chaleur;18.0;30.0;35;057
La Chapelle-Chaussée;35058;Bois énergie chaufferies;Chaleur;124.0;80.0;35;058
La Chapelle-Chaussée;35058;Bois énergie domestique;Chaleur;1886.0;2352.0;35;058
La Chapelle-Chaussée;35058;Hydroélectricité;Electricité;0.0;0.0;35;058
La Chapelle-Chaussée;35058;PAC (aérothermie et géothermie);Chaleur;892.0;1248.0;35;058
La Chapelle-Chaussée;35058;Solaire PV;Electricité;256.0;358.0;35;058
La Chapelle-Chaussée;35058;Solaire thermique;Chaleur;15.0;20.0;35;058
La Chapelle-des-Fougeretz;35059;Bois énergie chaufferies;Chaleur;69.0;85.0;35;059
La Chapelle-des-Fougeretz;35059;Bois énergie domestique;Chaleur;5465.0;6816.0;35;059
La Chapelle-des-Fougeretz;35059;Fossile;Chaleur;27543.0;8255.0;35;059
La Chapelle-des-Fougeretz;35059;Fossile;Electricité;24483.0;7338.0;35;059
La Chapelle-des-Fougeretz;35059;Hydroélectricité;Electricité;0.0;0.0;35;059
La Chapelle-des-Fougeretz;35059;PAC (aérothermie et géothermie);Chaleur;2446.0;3423.0;35;059
La Chapelle-des-Fougeretz;35059;Solaire PV;Electricité;420.0;480.0;35;059
La Chapelle-des-Fougeretz;35059;Solaire thermique;Chaleur;41.0;60.0;35;059
La Chapelle du Lou du Lac;35060;Bois énergie domestique;Chaleur;1438.0;1793.0;35;060
La Chapelle du Lou du Lac;35060;Hydroélectricité;Electricité;0.0;0.0;35;060
La Chapelle du Lou du Lac;35060;Méthanisation;Chaleur;0.0;0.0;35;060
La Chapelle du Lou du Lac;35060;PAC (aérothermie et géothermie);Chaleur;655.0;916.0;35;060
La Chapelle du Lou du Lac;35060;Solaire PV;Electricité;263.0;397.0;35;060
La Chapelle du Lou du Lac;35060;Solaire thermique;Chaleur;11.0;20.0;35;060
La Chapelle-Erbrée;35061;Bois énergie domestique;Chaleur;1087.0;1356.0;35;061
La Chapelle-Erbrée;35061;Hydroélectricité;Electricité;0.0;0.0;35;061
La Chapelle-Erbrée;35061;PAC (aérothermie et géothermie);Chaleur;508.0;710.0;35;061
La Chapelle-Erbrée;35061;Solaire PV;Electricité;49.0;81.0;35;061
La Chapelle-Erbrée;35061;Solaire thermique;Chaleur;8.0;10.0;35;061
La Chapelle-Fleurigné;35062;Bois énergie chaufferies;Chaleur;36.0;85.0;35;062
La Chapelle-Fleurigné;35062;Bois énergie domestique;Chaleur;4201.0;5239.0;35;062
La Chapelle-Fleurigné;35062;Hydroélectricité;Electricité;0.0;0.0;35;062
La Chapelle-Fleurigné;35062;Méthanisation;Biométhane;8030.5;1530.0;35;062
La Chapelle-Fleurigné;35062;PAC (aérothermie et géothermie);Chaleur;1902.0;2661.0;35;062
La Chapelle-Fleurigné;35062;Solaire PV;Electricité;373.0;397.0;35;062
La Chapelle-Fleurigné;35062;Solaire thermique;Chaleur;32.0;50.0;35;062
La Chapelle-Saint-Aubert;35063;Bois énergie domestique;Chaleur;770.0;960.0;35;063
La Chapelle-Saint-Aubert;35063;Hydroélectricité;Electricité;0.0;0.0;35;063
La Chapelle-Saint-Aubert;35063;PAC (aérothermie et géothermie);Chaleur;348.0;487.0;35;063
La Chapelle-Saint-Aubert;35063;Solaire PV;Electricité;345.0;303.0;35;063
La Chapelle-Saint-Aubert;35063;Solaire thermique;Chaleur;6.0;10.0;35;063
La Chapelle-de-Brain;35064;Bois énergie domestique;Chaleur;2295.0;2862.0;35;064
La Chapelle-de-Brain;35064;Hydroélectricité;Electricité;0.0;0.0;35;064
La Chapelle-de-Brain;35064;Méthanisation;Biométhane;7624.2;1020.0;35;064
La Chapelle-de-Brain;35064;PAC (aérothermie et géothermie);Chaleur;1293.0;1810.0;35;064
La Chapelle-de-Brain;35064;Solaire PV;Electricité;282.0;637.0;35;064
La Chapelle-de-Brain;35064;Solaire thermique;Chaleur;21.0;30.0;35;064
La Chapelle-Thouarault;35065;Bois énergie domestique;Chaleur;3085.0;3847.0;35;065
La Chapelle-Thouarault;35065;Hydroélectricité;Electricité;0.0;0.0;35;065
La Chapelle-Thouarault;35065;PAC (aérothermie et géothermie);Chaleur;1374.0;1922.0;35;065
La Chapelle-Thouarault;35065;Solaire PV;Electricité;204.0;248.0;35;065
La Chapelle-Thouarault;35065;Solaire thermique;Chaleur;23.0;30.0;35;065
Chartres-de-Bretagne;35066;Bois énergie chaufferies;Chaleur;6057.0;1910.0;35;066
Chartres-de-Bretagne;35066;Bois énergie domestique;Chaleur;6714.0;8374.0;35;066
Chartres-de-Bretagne;35066;Éolien terrestre;Electricité;15.0;10.0;35;066
Chartres-de-Bretagne;35066;Fossile;Chaleur;4065.0;6525.0;35;066
Chartres-de-Bretagne;35066;Fossile;Electricité;3614.0;5800.0;35;066
Chartres-de-Bretagne;35066;Hydroélectricité;Electricité;0.0;0.0;35;066
Chartres-de-Bretagne;35066;PAC (aérothermie et géothermie);Chaleur;3746.0;5242.0;35;066
Chartres-de-Bretagne;35066;Solaire PV;Electricité;102.0;134.0;35;066
Chartres-de-Bretagne;35066;Solaire thermique;Chaleur;62.0;90.0;35;066
Chasné-sur-Illet;35067;Bois énergie domestique;Chaleur;2341.0;2919.0;35;067
Chasné-sur-Illet;35067;Hydroélectricité;Electricité;0.0;0.0;35;067
Chasné-sur-Illet;35067;PAC (aérothermie et géothermie);Chaleur;1041.0;1456.0;35;067
Chasné-sur-Illet;35067;Solaire PV;Electricité;55.0;69.0;35;067
Chasné-sur-Illet;35067;Solaire thermique;Chaleur;17.0;20.0;35;067
Châteaubourg;35068;Bois énergie chaufferies;Chaleur;16623.0;4000.0;35;068
Châteaubourg;35068;Bois énergie domestique;Chaleur;7165.0;8936.0;35;068
Châteaubourg;35068;Éolien terrestre;Electricité;1129.0;800.0;35;068
Châteaubourg;35068;Hydroélectricité;Electricité;0.0;0.0;35;068
Châteaubourg;35068;PAC (aérothermie et géothermie);Chaleur;4005.0;5605.0;35;068
Châteaubourg;35068;Solaire PV;Electricité;645.0;920.0;35;068
Châteaubourg;35068;Solaire thermique;Chaleur;66.0;90.0;35;068
Châteaugiron;35069;Bois énergie chaufferies;Chaleur;1649.0;700.0;35;069
Châteaugiron;35069;Bois énergie domestique;Chaleur;10857.0;13541.0;35;069
Châteaugiron;35069;Hydroélectricité;Electricité;0.0;0.0;35;069
Châteaugiron;35069;Méthanisation;Biométhane;0.0;0.0;35;069
Châteaugiron;35069;PAC (aérothermie et géothermie);Chaleur;6031.0;8439.0;35;069
Châteaugiron;35069;Solaire PV;Electricité;843.0;850.0;35;069
Châteaugiron;35069;Solaire thermique;Chaleur;100.0;140.0;35;069
Châteauneuf-d'Ille-et-Vilaine;35070;Bois énergie domestique;Chaleur;2068.0;2579.0;35;070
Châteauneuf-d'Ille-et-Vilaine;35070;Hydroélectricité;Electricité;0.0;0.0;35;070
Châteauneuf-d'Ille-et-Vilaine;35070;PAC (aérothermie et géothermie);Chaleur;956.0;1338.0;35;070
Châteauneuf-d'Ille-et-Vilaine;35070;Solaire PV;Electricité;177.0;145.0;35;070
Châteauneuf-d'Ille-et-Vilaine;35070;Solaire thermique;Chaleur;16.0;20.0;35;070
Le Châtellier;35071;Bois énergie domestique;Chaleur;747.0;932.0;35;071
Le Châtellier;35071;Hydroélectricité;Electricité;0.0;0.0;35;071
Le Châtellier;35071;PAC (aérothermie et géothermie);Chaleur;388.0;543.0;35;071
Le Châtellier;35071;Solaire PV;Electricité;554.0;626.0;35;071
Le Châtellier;35071;Solaire thermique;Chaleur;6.0;10.0;35;071
Châtillon-en-Vendelais;35072;Bois énergie chaufferies;Chaleur;0.0;0.0;35;072
Châtillon-en-Vendelais;35072;Bois énergie domestique;Chaleur;2794.0;3485.0;35;072
Châtillon-en-Vendelais;35072;Hydroélectricité;Electricité;0.0;0.0;35;072
Châtillon-en-Vendelais;35072;PAC (aérothermie et géothermie);Chaleur;1352.0;1892.0;35;072
Châtillon-en-Vendelais;35072;Solaire PV;Electricité;973.0;1067.0;35;072
Châtillon-en-Vendelais;35072;Solaire thermique;Chaleur;22.0;30.0;35;072
Chauvigné;35075;Bois énergie domestique;Chaleur;1555.0;1939.0;35;075
Chauvigné;35075;Hydroélectricité;Electricité;0.0;0.0;35;075
Chauvigné;35075;PAC (aérothermie et géothermie);Chaleur;716.0;1002.0;35;075
Chauvigné;35075;Solaire PV;Electricité;263.0;287.0;35;075
Chauvigné;35075;Solaire thermique;Chaleur;12.0;20.0;35;075
Chavagne;35076;Bois énergie domestique;Chaleur;4282.0;5341.0;35;076
Chavagne;35076;Hydroélectricité;Electricité;0.0;0.0;35;076
Chavagne;35076;Méthanisation;Biométhane;10610.9;1530.0;35;076
Chavagne;35076;PAC (aérothermie et géothermie);Chaleur;2437.0;3410.0;35;076
Chavagne;35076;Solaire PV;Electricité;1075.0;1273.0;35;076
Chavagne;35076;Solaire thermique;Chaleur;40.0;60.0;35;076
Chelun;35077;Bois énergie domestique;Chaleur;621.0;774.0;35;077
Chelun;35077;Hydroélectricité;Electricité;0.0;0.0;35;077
Chelun;35077;PAC (aérothermie et géothermie);Chaleur;289.0;404.0;35;077
Chelun;35077;Solaire PV;Electricité;1451.0;1435.0;35;077
Chelun;35077;Solaire thermique;Chaleur;5.0;10.0;35;077
Cherrueix;35078;Bois énergie domestique;Chaleur;2653.0;3308.0;35;078
Cherrueix;35078;Hydroélectricité;Electricité;0.0;0.0;35;078
Cherrueix;35078;PAC (aérothermie et géothermie);Chaleur;1491.0;2086.0;35;078
Cherrueix;35078;Solaire PV;Electricité;443.0;400.0;35;078
Cherrueix;35078;Solaire thermique;Chaleur;25.0;30.0;35;078
Chevaigné;35079;Bois énergie domestique;Chaleur;3231.0;4030.0;35;079
Chevaigné;35079;Hydroélectricité;Electricité;0.0;0.0;35;079
Chevaigné;35079;PAC (aérothermie et géothermie);Chaleur;1429.0;2000.0;35;079
Chevaigné;35079;Solaire PV;Electricité;214.0;262.0;35;079
Chevaigné;35079;Solaire thermique;Chaleur;24.0;30.0;35;079
Cintré;35080;Bois énergie domestique;Chaleur;3240.0;4041.0;35;080
Cintré;35080;Hydroélectricité;Electricité;0.0;0.0;35;080
Cintré;35080;Méthanisation;Biométhane;10859.2;1173.0;35;080
Cintré;35080;Méthanisation;Chaleur;1400.0;178.0;35;080
Cintré;35080;Méthanisation;Electricité;1259.0;160.0;35;080
Cintré;35080;PAC (aérothermie et géothermie);Chaleur;1475.0;2063.0;35;080
Cintré;35080;Solaire PV;Electricité;73.0;100.0;35;080
Cintré;35080;Solaire thermique;Chaleur;24.0;30.0;35;080
Clayes;35081;Bois énergie domestique;Chaleur;1266.0;1579.0;35;081
Clayes;35081;Hydroélectricité;Electricité;0.0;0.0;35;081
Clayes;35081;PAC (aérothermie et géothermie);Chaleur;585.0;818.0;35;081
Clayes;35081;Solaire thermique;Chaleur;10.0;10.0;35;081
Coësmes;35082;Bois énergie chaufferies;Chaleur;615.0;405.0;35;082
Coësmes;35082;Bois énergie domestique;Chaleur;2279.0;2842.0;35;082
Coësmes;35082;Éolien terrestre;Electricité;53655.0;18000.0;35;082
Coësmes;35082;Hydroélectricité;Electricité;0.0;0.0;35;082
Coësmes;35082;PAC (aérothermie et géothermie);Chaleur;1083.0;1515.0;35;082
Coësmes;35082;Solaire PV;Electricité;796.0;797.0;35;082
Coësmes;35082;Solaire thermique;Chaleur;18.0;30.0;35;082
Comblessac;35084;Bois énergie domestique;Chaleur;1385.0;1728.0;35;084
Comblessac;35084;Hydroélectricité;Electricité;0.0;0.0;35;084
Comblessac;35084;PAC (aérothermie et géothermie);Chaleur;622.0;871.0;35;084
Comblessac;35084;Solaire PV;Electricité;143.0;258.0;35;084
Comblessac;35084;Solaire thermique;Chaleur;10.0;10.0;35;084
Combourg;35085;Bois énergie chaufferies;Chaleur;3874.0;1605.0;35;085
Combourg;35085;Bois énergie domestique;Chaleur;9156.0;11420.0;35;085
Combourg;35085;Éolien terrestre;Electricité;30.0;20.0;35;085
Combourg;35085;Hydroélectricité;Electricité;0.0;0.0;35;085
Combourg;35085;Méthanisation;Chaleur;3607.0;419.0;35;085
Combourg;35085;Méthanisation;Electricité;3532.0;410.0;35;085
Combourg;35085;PAC (aérothermie et géothermie);Chaleur;4402.0;6160.0;35;085
Combourg;35085;Solaire PV;Electricité;589.0;932.0;35;085
Combourg;35085;Solaire thermique;Chaleur;73.0;100.0;35;085
Combourtillé;35086;Bois énergie domestique;Chaleur;973.0;1214.0;35;086
Combourtillé;35086;Hydroélectricité;Electricité;0.0;0.0;35;086
Combourtillé;35086;PAC (aérothermie et géothermie);Chaleur;477.0;668.0;35;086
Combourtillé;35086;Solaire thermique;Chaleur;8.0;10.0;35;086
Cornillé;35087;Bois énergie domestique;Chaleur;1503.0;1874.0;35;087
Cornillé;35087;Hydroélectricité;Electricité;0.0;0.0;35;087
Cornillé;35087;PAC (aérothermie et géothermie);Chaleur;687.0;962.0;35;087
Cornillé;35087;Solaire PV;Electricité;158.0;249.0;35;087
Cornillé;35087;Solaire thermique;Chaleur;11.0;20.0;35;087
Corps-Nuds;35088;Bois énergie domestique;Chaleur;3766.0;4697.0;35;088
Corps-Nuds;35088;Hydroélectricité;Electricité;0.0;0.0;35;088
Corps-Nuds;35088;PAC (aérothermie et géothermie);Chaleur;2099.0;2937.0;35;088
Corps-Nuds;35088;Solaire PV;Electricité;713.0;873.0;35;088
Corps-Nuds;35088;Solaire thermique;Chaleur;35.0;50.0;35;088
La Couyère;35089;Bois énergie domestique;Chaleur;813.0;1014.0;35;089
La Couyère;35089;Hydroélectricité;Electricité;0.0;0.0;35;089
La Couyère;35089;PAC (aérothermie et géothermie);Chaleur;396.0;554.0;35;089
La Couyère;35089;Solaire PV;Electricité;180.0;163.0;35;089
La Couyère;35089;Solaire thermique;Chaleur;7.0;10.0;35;089
Crevin;35090;Bois énergie domestique;Chaleur;3787.0;4724.0;35;090
Crevin;35090;Hydroélectricité;Electricité;0.0;0.0;35;090
Crevin;35090;PAC (aérothermie et géothermie);Chaleur;1666.0;2331.0;35;090
Crevin;35090;Solaire PV;Electricité;83.0;141.0;35;090
Crevin;35090;Solaire thermique;Chaleur;28.0;40.0;35;090
Le Crouais;35091;Bois énergie domestique;Chaleur;920.0;1147.0;35;091
Le Crouais;35091;Hydroélectricité;Electricité;0.0;0.0;35;091
Le Crouais;35091;PAC (aérothermie et géothermie);Chaleur;423.0;591.0;35;091
Le Crouais;35091;Solaire PV;Electricité;21.0;34.0;35;091
Le Crouais;35091;Solaire thermique;Chaleur;7.0;10.0;35;091
Cuguen;35092;Bois énergie domestique;Chaleur;1667.0;2079.0;35;092
Cuguen;35092;Hydroélectricité;Electricité;0.0;0.0;35;092
Cuguen;35092;PAC (aérothermie et géothermie);Chaleur;753.0;1054.0;35;092
Cuguen;35092;Solaire PV;Electricité;22.0;38.0;35;092
Cuguen;35092;Solaire thermique;Chaleur;13.0;20.0;35;092
Dinard;35093;Bois énergie domestique;Chaleur;11470.0;14305.0;35;093
Dinard;35093;Hydroélectricité;Electricité;0.0;0.0;35;093
Dinard;35093;PAC (aérothermie et géothermie);Chaleur;10119.0;14160.0;35;093
Dinard;35093;Solaire PV;Electricité;857.0;1122.0;35;093
Dinard;35093;Solaire thermique;Chaleur;168.0;230.0;35;093
Dingé;35094;Bois énergie domestique;Chaleur;2830.0;3530.0;35;094
Dingé;35094;Hydroélectricité;Electricité;0.0;0.0;35;094
Dingé;35094;PAC (aérothermie et géothermie);Chaleur;1448.0;2026.0;35;094
Dingé;35094;Solaire PV;Electricité;401.0;375.0;35;094
Dingé;35094;Solaire thermique;Chaleur;24.0;30.0;35;094
Dol-de-Bretagne;35095;Bois énergie domestique;Chaleur;6936.0;8651.0;35;095
Dol-de-Bretagne;35095;Hydroélectricité;Electricité;0.0;0.0;35;095
Dol-de-Bretagne;35095;PAC (aérothermie et géothermie);Chaleur;3278.0;4587.0;35;095
Dol-de-Bretagne;35095;Solaire PV;Electricité;601.0;1065.0;35;095
Dol-de-Bretagne;35095;Solaire thermique;Chaleur;54.0;80.0;35;095
Domagné;35096;Bois énergie chaufferies;Chaleur;41961.0;45000.0;35;096
Domagné;35096;Bois énergie domestique;Chaleur;3554.0;4433.0;35;096
Domagné;35096;Hydroélectricité;Electricité;0.0;0.0;35;096
Domagné;35096;Méthanisation;Biométhane;0.0;0.0;35;096
Domagné;35096;Méthanisation;Chaleur;1198.0;250.0;35;096
Domagné;35096;Méthanisation;Electricité;1246.0;260.0;35;096
Domagné;35096;PAC (aérothermie et géothermie);Chaleur;1602.0;2242.0;35;096
Domagné;35096;Solaire PV;Electricité;1206.0;2249.0;35;096
Domagné;35096;Solaire thermique;Chaleur;27.0;40.0;35;096
Domalain;35097;Bois énergie domestique;Chaleur;3033.0;3783.0;35;097
Domalain;35097;Hydroélectricité;Electricité;0.0;0.0;35;097
Domalain;35097;PAC (aérothermie et géothermie);Chaleur;1391.0;1947.0;35;097
Domalain;35097;Solaire PV;Electricité;251.0;307.0;35;097
Domalain;35097;Solaire thermique;Chaleur;23.0;30.0;35;097
La Dominelais;35098;Bois énergie domestique;Chaleur;2252.0;2809.0;35;098
La Dominelais;35098;Hydroélectricité;Electricité;0.0;0.0;35;098
La Dominelais;35098;PAC (aérothermie et géothermie);Chaleur;1080.0;1512.0;35;098
La Dominelais;35098;Solaire PV;Electricité;813.0;852.0;35;098
La Dominelais;35098;Solaire thermique;Chaleur;18.0;30.0;35;098
Domloup;35099;Bois énergie chaufferies;Chaleur;60.0;50.0;35;099
Domloup;35099;Bois énergie domestique;Chaleur;3871.0;4828.0;35;099
Domloup;35099;Hydroélectricité;Electricité;0.0;0.0;35;099
Domloup;35099;PAC (aérothermie et géothermie);Chaleur;2149.0;3008.0;35;099
Domloup;35099;Solaire PV;Electricité;557.0;696.0;35;099
Domloup;35099;Solaire thermique;Chaleur;36.0;50.0;35;099
Dourdain;35101;Bois énergie domestique;Chaleur;1866.0;2327.0;35;101
Dourdain;35101;Hydroélectricité;Electricité;0.0;0.0;35;101
Dourdain;35101;PAC (aérothermie et géothermie);Chaleur;892.0;1248.0;35;101
Dourdain;35101;Solaire PV;Electricité;493.0;596.0;35;101
Dourdain;35101;Solaire thermique;Chaleur;15.0;20.0;35;101
Drouges;35102;Bois énergie chaufferies;Chaleur;60.0;40.0;35;102
Drouges;35102;Bois énergie domestique;Chaleur;965.0;1204.0;35;102
Drouges;35102;Hydroélectricité;Electricité;0.0;0.0;35;102
Drouges;35102;PAC (aérothermie et géothermie);Chaleur;426.0;596.0;35;102
Drouges;35102;Solaire PV;Electricité;313.0;290.0;35;102
Drouges;35102;Solaire thermique;Chaleur;7.0;10.0;35;102
Eancé;35103;Bois énergie domestique;Chaleur;829.0;1034.0;35;103
Eancé;35103;Éolien terrestre;Electricité;4564.0;4700.0;35;103
Eancé;35103;Hydroélectricité;Electricité;0.0;0.0;35;103
Eancé;35103;PAC (aérothermie et géothermie);Chaleur;380.0;532.0;35;103
Eancé;35103;Solaire PV;Electricité;274.0;261.0;35;103
Eancé;35103;Solaire thermique;Chaleur;6.0;10.0;35;103
Epiniac;35104;Bois énergie domestique;Chaleur;2900.0;3616.0;35;104
Epiniac;35104;Hydroélectricité;Electricité;0.0;0.0;35;104
Epiniac;35104;Méthanisation;Biométhane;0.0;0.0;35;104
Epiniac;35104;PAC (aérothermie et géothermie);Chaleur;1265.0;1770.0;35;104
Epiniac;35104;Solaire PV;Electricité;68.0;97.0;35;104
Epiniac;35104;Solaire thermique;Chaleur;21.0;30.0;35;104
Erbrée;35105;Bois énergie domestique;Chaleur;2780.0;3467.0;35;105
Erbrée;35105;Hydroélectricité;Electricité;0.0;0.0;35;105
Erbrée;35105;Méthanisation;Chaleur;280.0;40.0;35;105
Erbrée;35105;PAC (aérothermie et géothermie);Chaleur;1247.0;1745.0;35;105
Erbrée;35105;Solaire PV;Electricité;207.0;245.0;35;105
Erbrée;35105;Solaire thermique;Chaleur;21.0;30.0;35;105
Ercé-en-Lamée;35106;Bois énergie chaufferies;Chaleur;95.0;50.0;35;106
Ercé-en-Lamée;35106;Bois énergie domestique;Chaleur;2553.0;3184.0;35;106
Ercé-en-Lamée;35106;Éolien terrestre;Electricité;15.0;10.0;35;106
Ercé-en-Lamée;35106;Hydroélectricité;Electricité;0.0;0.0;35;106
Ercé-en-Lamée;35106;PAC (aérothermie et géothermie);Chaleur;1350.0;1889.0;35;106
Ercé-en-Lamée;35106;Solaire PV;Electricité;448.0;440.0;35;106
Ercé-en-Lamée;35106;Solaire thermique;Chaleur;22.0;30.0;35;106
Ercé-près-Liffré;35107;Bois énergie domestique;Chaleur;2991.0;3730.0;35;107
Ercé-près-Liffré;35107;Hydroélectricité;Electricité;0.0;0.0;35;107
Ercé-près-Liffré;35107;PAC (aérothermie et géothermie);Chaleur;1378.0;1928.0;35;107
Ercé-près-Liffré;35107;Solaire PV;Electricité;1074.0;930.0;35;107
Ercé-près-Liffré;35107;Solaire thermique;Chaleur;23.0;30.0;35;107
Essé;35108;Bois énergie chaufferies;Chaleur;278.0;165.0;35;108
Essé;35108;Bois énergie domestique;Chaleur;1659.0;2069.0;35;108
Essé;35108;Hydroélectricité;Electricité;0.0;0.0;35;108
Essé;35108;PAC (aérothermie et géothermie);Chaleur;757.0;1060.0;35;108
Essé;35108;Solaire PV;Electricité;437.0;504.0;35;108
Essé;35108;Solaire thermique;Chaleur;13.0;20.0;35;108
Étrelles;35109;Bois énergie domestique;Chaleur;3635.0;4534.0;35;109
Étrelles;35109;Hydroélectricité;Electricité;0.0;0.0;35;109
Étrelles;35109;Méthanisation;Biométhane;255.3;612.0;35;109
Étrelles;35109;PAC (aérothermie et géothermie);Chaleur;1635.0;2288.0;35;109
Étrelles;35109;Solaire PV;Electricité;645.0;830.0;35;109
Étrelles;35109;Solaire thermique;Chaleur;27.0;40.0;35;109
Feins;35110;Bois énergie chaufferies;Chaleur;66.0;60.0;35;110
Feins;35110;Bois énergie domestique;Chaleur;1644.0;2051.0;35;110
Feins;35110;Hydroélectricité;Electricité;0.0;0.0;35;110
Feins;35110;PAC (aérothermie et géothermie);Chaleur;791.0;1107.0;35;110
Feins;35110;Solaire PV;Electricité;187.0;207.0;35;110
Feins;35110;Solaire thermique;Chaleur;13.0;20.0;35;110
Le Ferré;35111;Bois énergie chaufferies;Chaleur;36.0;40.0;35;111
Le Ferré;35111;Bois énergie domestique;Chaleur;1403.0;1750.0;35;111
Le Ferré;35111;Hydroélectricité;Electricité;0.0;0.0;35;111
Le Ferré;35111;Méthanisation;Biométhane;9310.5;1020.0;35;111
Le Ferré;35111;PAC (aérothermie et géothermie);Chaleur;656.0;918.0;35;111
Le Ferré;35111;Solaire PV;Electricité;76.0;91.0;35;111
Le Ferré;35111;Solaire thermique;Chaleur;11.0;20.0;35;111
Forges-la-Forêt;35114;Bois énergie domestique;Chaleur;541.0;675.0;35;114
Forges-la-Forêt;35114;Hydroélectricité;Electricité;0.0;0.0;35;114
Forges-la-Forêt;35114;PAC (aérothermie et géothermie);Chaleur;253.0;354.0;35;114
Forges-la-Forêt;35114;Solaire thermique;Chaleur;4.0;10.0;35;114
Fougères;35115;Bois énergie chaufferies;Chaleur;2265.0;720.0;35;115
Fougères;35115;Bois énergie domestique;Chaleur;15407.0;19216.0;35;115
Fougères;35115;Fossile;Chaleur;7978.0;2261.0;35;115
Fougères;35115;Fossile;Electricité;7092.0;2010.0;35;115
Fougères;35115;Hydroélectricité;Electricité;0.0;0.0;35;115
Fougères;35115;Méthanisation;Chaleur;406.0;58.0;35;115
Fougères;35115;PAC (aérothermie et géothermie);Chaleur;8952.0;12526.0;35;115
Fougères;35115;Solaire PV;Electricité;2408.0;2450.0;35;115
Fougères;35115;Solaire thermique;Chaleur;148.0;210.0;35;115
La Fresnais;35116;Bois énergie domestique;Chaleur;4307.0;5372.0;35;116
La Fresnais;35116;Hydroélectricité;Electricité;0.0;0.0;35;116
La Fresnais;35116;PAC (aérothermie et géothermie);Chaleur;2091.0;2926.0;35;116
La Fresnais;35116;Solaire PV;Electricité;680.0;651.0;35;116
La Fresnais;35116;Solaire thermique;Chaleur;35.0;50.0;35;116
Gaël;35117;Bois énergie chaufferies;Chaleur;486.0;270.0;35;117
Gaël;35117;Bois énergie domestique;Chaleur;2943.0;3670.0;35;117
Gaël;35117;Hydroélectricité;Electricité;0.0;0.0;35;117
Gaël;35117;Méthanisation;Biométhane;12945.9;1275.0;35;117
Gaël;35117;Méthanisation;Chaleur;170.0;33.0;35;117
Gaël;35117;Méthanisation;Electricité;170.0;33.0;35;117
Gaël;35117;PAC (aérothermie et géothermie);Chaleur;1423.0;1991.0;35;117
Gaël;35117;Solaire PV;Electricité;4987.0;4210.0;35;117
Gaël;35117;Solaire thermique;Chaleur;24.0;30.0;35;117
Gahard;35118;Bois énergie domestique;Chaleur;2363.0;2947.0;35;118
Gahard;35118;Hydroélectricité;Electricité;0.0;0.0;35;118
Gahard;35118;PAC (aérothermie et géothermie);Chaleur;1113.0;1557.0;35;118
Gahard;35118;Solaire PV;Electricité;120.0;393.0;35;118
Gahard;35118;Solaire thermique;Chaleur;18.0;30.0;35;118
Gennes-sur-Seiche;35119;Bois énergie chaufferies;Chaleur;394.0;200.0;35;119
Gennes-sur-Seiche;35119;Bois énergie domestique;Chaleur;1445.0;1802.0;35;119
Gennes-sur-Seiche;35119;Hydroélectricité;Electricité;0.0;0.0;35;119
Gennes-sur-Seiche;35119;PAC (aérothermie et géothermie);Chaleur;682.0;954.0;35;119
Gennes-sur-Seiche;35119;Solaire PV;Electricité;235.0;238.0;35;119
Gennes-sur-Seiche;35119;Solaire thermique;Chaleur;11.0;20.0;35;119
Gévezé;35120;Bois énergie domestique;Chaleur;7025.0;8762.0;35;120
Gévezé;35120;Hydroélectricité;Electricité;0.0;0.0;35;120
Gévezé;35120;Méthanisation;Chaleur;1304.0;170.0;35;120
Gévezé;35120;Méthanisation;Electricité;1151.0;150.0;35;120
Gévezé;35120;PAC (aérothermie et géothermie);Chaleur;3178.0;4447.0;35;120
Gévezé;35120;Solaire PV;Electricité;401.0;766.0;35;120
Gévezé;35120;Solaire thermique;Chaleur;53.0;70.0;35;120
Gosné;35121;Bois énergie domestique;Chaleur;3034.0;3785.0;35;121
Gosné;35121;Hydroélectricité;Electricité;0.0;0.0;35;121
Gosné;35121;PAC (aérothermie et géothermie);Chaleur;1408.0;1970.0;35;121
Gosné;35121;Solaire PV;Electricité;184.0;184.0;35;121
Gosné;35121;Solaire thermique;Chaleur;23.0;30.0;35;121
La Gouesnière;35122;Bois énergie domestique;Chaleur;2967.0;3701.0;35;122
La Gouesnière;35122;Hydroélectricité;Electricité;0.0;0.0;35;122
La Gouesnière;35122;PAC (aérothermie et géothermie);Chaleur;1402.0;1961.0;35;122
La Gouesnière;35122;Solaire PV;Electricité;377.0;688.0;35;122
La Gouesnière;35122;Solaire thermique;Chaleur;23.0;30.0;35;122
Goven;35123;Bois énergie domestique;Chaleur;6300.0;7858.0;35;123
Goven;35123;Hydroélectricité;Electricité;0.0;0.0;35;123
Goven;35123;PAC (aérothermie et géothermie);Chaleur;2917.0;4082.0;35;123
Goven;35123;Solaire PV;Electricité;195.0;233.0;35;123
Goven;35123;Solaire thermique;Chaleur;48.0;70.0;35;123
Grand-Fougeray;35124;Bois énergie domestique;Chaleur;4455.0;5557.0;35;124
Grand-Fougeray;35124;Éolien terrestre;Electricité;12754.0;8400.0;35;124
Grand-Fougeray;35124;Hydroélectricité;Electricité;0.0;0.0;35;124
Grand-Fougeray;35124;PAC (aérothermie et géothermie);Chaleur;2023.0;2830.0;35;124
Grand-Fougeray;35124;Solaire PV;Electricité;572.0;564.0;35;124
Grand-Fougeray;35124;Solaire thermique;Chaleur;34.0;50.0;35;124
La Guerche-de-Bretagne;35125;Bois énergie chaufferies;Chaleur;1363.0;620.0;35;125
La Guerche-de-Bretagne;35125;Bois énergie domestique;Chaleur;6979.0;8705.0;35;125
La Guerche-de-Bretagne;35125;Hydroélectricité;Electricité;0.0;0.0;35;125
La Guerche-de-Bretagne;35125;PAC (aérothermie et géothermie);Chaleur;3093.0;4328.0;35;125
La Guerche-de-Bretagne;35125;Solaire PV;Electricité;529.0;893.0;35;125
La Guerche-de-Bretagne;35125;Solaire thermique;Chaleur;51.0;70.0;35;125
Guichen;35126;Bois énergie domestique;Chaleur;12016.0;14987.0;35;126
Guichen;35126;Hydroélectricité;Electricité;0.0;0.0;35;126
Guichen;35126;Méthanisation;Biométhane;5325.3;612.0;35;126
Guichen;35126;PAC (aérothermie et géothermie);Chaleur;5623.0;7869.0;35;126
Guichen;35126;Solaire PV;Electricité;667.0;1112.0;35;126
Guichen;35126;Solaire thermique;Chaleur;93.0;130.0;35;126
Guignen;35127;Bois énergie domestique;Chaleur;6174.0;7701.0;35;127
Guignen;35127;Hydroélectricité;Electricité;0.0;0.0;35;127
Guignen;35127;PAC (aérothermie et géothermie);Chaleur;2919.0;4084.0;35;127
Guignen;35127;Solaire PV;Electricité;5870.0;4832.0;35;127
Guignen;35127;Solaire thermique;Chaleur;48.0;70.0;35;127
Guipel;35128;Bois énergie chaufferies;Chaleur;349.0;150.0;35;128
Guipel;35128;Bois énergie domestique;Chaleur;2556.0;3188.0;35;128
Guipel;35128;Hydroélectricité;Electricité;0.0;0.0;35;128
Guipel;35128;Méthanisation;Chaleur;3213.0;400.0;35;128
Guipel;35128;Méthanisation;Electricité;2667.0;329.0;35;128
Guipel;35128;PAC (aérothermie et géothermie);Chaleur;1251.0;1751.0;35;128
Guipel;35128;Solaire PV;Electricité;1529.0;1463.0;35;128
Guipel;35128;Solaire thermique;Chaleur;21.0;30.0;35;128
Hédé-Bazouges;35130;Bois énergie domestique;Chaleur;3321.0;4142.0;35;130
Hédé-Bazouges;35130;Hydroélectricité;Electricité;0.0;0.0;35;130
Hédé-Bazouges;35130;PAC (aérothermie et géothermie);Chaleur;1587.0;2220.0;35;130
Hédé-Bazouges;35130;Solaire PV;Electricité;242.0;320.0;35;130
Hédé-Bazouges;35130;Solaire thermique;Chaleur;26.0;40.0;35;130
L'Hermitage;35131;Bois énergie domestique;Chaleur;5239.0;6534.0;35;131
L'Hermitage;35131;Fossile;Chaleur;0.0;0.0;35;131
L'Hermitage;35131;Fossile;Electricité;102.0;7424.0;35;131
L'Hermitage;35131;Hydroélectricité;Electricité;0.0;0.0;35;131
L'Hermitage;35131;PAC (aérothermie et géothermie);Chaleur;2326.0;3254.0;35;131
L'Hermitage;35131;Solaire PV;Electricité;215.0;389.0;35;131
L'Hermitage;35131;Solaire thermique;Chaleur;39.0;50.0;35;131
Hirel;35132;Bois énergie domestique;Chaleur;2674.0;3335.0;35;132
Hirel;35132;Hydroélectricité;Electricité;0.0;0.0;35;132
Hirel;35132;PAC (aérothermie et géothermie);Chaleur;1442.0;2017.0;35;132
Hirel;35132;Solaire PV;Electricité;80.0;91.0;35;132
Hirel;35132;Solaire thermique;Chaleur;24.0;30.0;35;132
Iffendic;35133;Bois énergie chaufferies;Chaleur;413.0;190.0;35;133
Iffendic;35133;Bois énergie domestique;Chaleur;6943.0;8660.0;35;133
Iffendic;35133;Éolien terrestre;Electricité;3398.0;2000.0;35;133
Iffendic;35133;Hydroélectricité;Electricité;0.0;0.0;35;133
Iffendic;35133;Méthanisation;Biométhane;30120.3;3959.0;35;133
Iffendic;35133;Méthanisation;Chaleur;4365.0;558.0;35;133
Iffendic;35133;Méthanisation;Electricité;4617.0;592.0;35;133
Iffendic;35133;PAC (aérothermie et géothermie);Chaleur;3319.0;4645.0;35;133
Iffendic;35133;Solaire PV;Electricité;2222.0;2166.0;35;133
Iffendic;35133;Solaire thermique;Chaleur;55.0;80.0;35;133
Les Iffs;35134;Bois énergie domestique;Chaleur;445.0;555.0;35;134
Les Iffs;35134;Hydroélectricité;Electricité;0.0;0.0;35;134
Les Iffs;35134;PAC (aérothermie et géothermie);Chaleur;215.0;301.0;35;134
Les Iffs;35134;Solaire thermique;Chaleur;4.0;0.0;35;134
Irodouër;35135;Bois énergie chaufferies;Chaleur;202.0;90.0;35;135
Irodouër;35135;Bois énergie domestique;Chaleur;3356.0;4185.0;35;135
Irodouër;35135;Éolien terrestre;Electricité;15.0;10.0;35;135
Irodouër;35135;Hydroélectricité;Electricité;0.0;0.0;35;135
Irodouër;35135;PAC (aérothermie et géothermie);Chaleur;1532.0;2144.0;35;135
Irodouër;35135;Solaire PV;Electricité;204.0;251.0;35;135
Irodouër;35135;Solaire thermique;Chaleur;25.0;40.0;35;135
Janzé;35136;Bois énergie chaufferies;Chaleur;3059.0;1140.0;35;136
Janzé;35136;Bois énergie domestique;Chaleur;8764.0;10931.0;35;136
Janzé;35136;Fossile;Chaleur;7010.0;2194.0;35;136
Janzé;35136;Fossile;Electricité;6231.0;1950.0;35;136
Janzé;35136;Hydroélectricité;Electricité;0.0;0.0;35;136
Janzé;35136;Méthanisation;Biométhane;23791.2;4489.0;35;136
Janzé;35136;PAC (aérothermie et géothermie);Chaleur;5001.0;6998.0;35;136
Janzé;35136;Solaire PV;Electricité;482.0;714.0;35;136
Janzé;35136;Solaire thermique;Chaleur;83.0;120.0;35;136
Javené;35137;Bois énergie chaufferies;Chaleur;46.0;35.0;35;137
Javené;35137;Bois énergie domestique;Chaleur;2747.0;3426.0;35;137
Javené;35137;Hydroélectricité;Electricité;0.0;0.0;35;137
Javené;35137;Méthanisation;Chaleur;257.0;50.0;35;137
Javené;35137;Méthanisation;Electricité;170.0;33.0;35;137
Javené;35137;PAC (aérothermie et géothermie);Chaleur;1513.0;2117.0;35;137
Javené;35137;Solaire PV;Electricité;768.0;863.0;35;137
Javené;35137;Solaire thermique;Chaleur;25.0;40.0;35;137
Laignelet;35138;Bois énergie domestique;Chaleur;1788.0;2230.0;35;138
Laignelet;35138;Hydroélectricité;Electricité;0.0;0.0;35;138
Laignelet;35138;PAC (aérothermie et géothermie);Chaleur;800.0;1119.0;35;138
Laignelet;35138;Solaire PV;Electricité;48.0;57.0;35;138
Laignelet;35138;Solaire thermique;Chaleur;13.0;20.0;35;138
Laillé;35139;Bois énergie chaufferies;Chaleur;420.0;200.0;35;139
Laillé;35139;Bois énergie domestique;Chaleur;7208.0;8990.0;35;139
Laillé;35139;Hydroélectricité;Electricité;0.0;0.0;35;139
Laillé;35139;PAC (aérothermie et géothermie);Chaleur;3266.0;4570.0;35;139
Laillé;35139;Solaire PV;Electricité;1035.0;975.0;35;139
Laillé;35139;Solaire thermique;Chaleur;54.0;80.0;35;139
Lalleu;35140;Bois énergie domestique;Chaleur;988.0;1233.0;35;140
Lalleu;35140;Hydroélectricité;Electricité;0.0;0.0;35;140
Lalleu;35140;Méthanisation;Chaleur;831.0;137.0;35;140
Lalleu;35140;Méthanisation;Electricité;267.0;44.0;35;140
Lalleu;35140;PAC (aérothermie et géothermie);Chaleur;508.0;711.0;35;140
Lalleu;35140;Solaire PV;Electricité;490.0;517.0;35;140
Lalleu;35140;Solaire thermique;Chaleur;8.0;10.0;35;140
Landavran;35141;Bois énergie domestique;Chaleur;1000.0;1248.0;35;141
Landavran;35141;Hydroélectricité;Electricité;0.0;0.0;35;141
Landavran;35141;PAC (aérothermie et géothermie);Chaleur;445.0;623.0;35;141
Landavran;35141;Solaire PV;Electricité;53.0;60.0;35;141
Landavran;35141;Solaire thermique;Chaleur;7.0;10.0;35;141
Landéan;35142;Bois énergie domestique;Chaleur;2104.0;2624.0;35;142
Landéan;35142;Hydroélectricité;Electricité;0.0;0.0;35;142
Landéan;35142;PAC (aérothermie et géothermie);Chaleur;1006.0;1408.0;35;142
Landéan;35142;Solaire PV;Electricité;81.0;181.0;35;142
Landéan;35142;Solaire thermique;Chaleur;17.0;20.0;35;142
Landujan;35143;Bois énergie chaufferies;Chaleur;114.0;80.0;35;143
Landujan;35143;Bois énergie domestique;Chaleur;1485.0;1852.0;35;143
Landujan;35143;Hydroélectricité;Electricité;0.0;0.0;35;143
Landujan;35143;Méthanisation;Chaleur;1788.0;240.0;35;143
Landujan;35143;Méthanisation;Electricité;1751.0;235.0;35;143
Landujan;35143;PAC (aérothermie et géothermie);Chaleur;719.0;1007.0;35;143
Landujan;35143;Solaire PV;Electricité;221.0;214.0;35;143
Landujan;35143;Solaire thermique;Chaleur;12.0;20.0;35;143
Langan;35144;Bois énergie domestique;Chaleur;1580.0;1971.0;35;144
Langan;35144;Hydroélectricité;Electricité;0.0;0.0;35;144
Langan;35144;PAC (aérothermie et géothermie);Chaleur;712.0;996.0;35;144
Langan;35144;Solaire PV;Electricité;73.0;97.0;35;144
Langan;35144;Solaire thermique;Chaleur;12.0;20.0;35;144
Langon;35145;Bois énergie chaufferies;Chaleur;0.0;0.0;35;145
Langon;35145;Bois énergie domestique;Chaleur;3196.0;3985.0;35;145
Langon;35145;Hydroélectricité;Electricité;0.0;0.0;35;145
Langon;35145;PAC (aérothermie et géothermie);Chaleur;1643.0;2299.0;35;145
Langon;35145;Solaire PV;Electricité;267.0;930.0;35;145
Langon;35145;Solaire thermique;Chaleur;27.0;40.0;35;145
Langouet;35146;Bois énergie chaufferies;Chaleur;123.0;80.0;35;146
Langouet;35146;Bois énergie domestique;Chaleur;908.0;1133.0;35;146
Langouet;35146;Hydroélectricité;Electricité;0.0;0.0;35;146
Langouet;35146;PAC (aérothermie et géothermie);Chaleur;424.0;593.0;35;146
Langouet;35146;Solaire PV;Electricité;83.0;110.0;35;146
Langouet;35146;Solaire thermique;Chaleur;7.0;10.0;35;146
Lanrigan;35148;Bois énergie chaufferies;Chaleur;152.0;90.0;35;148
Lanrigan;35148;Bois énergie domestique;Chaleur;244.0;304.0;35;148
Lanrigan;35148;Hydroélectricité;Electricité;0.0;0.0;35;148
Lanrigan;35148;PAC (aérothermie et géothermie);Chaleur;123.0;173.0;35;148
Lanrigan;35148;Solaire PV;Electricité;28.0;60.0;35;148
Lanrigan;35148;Solaire thermique;Chaleur;2.0;0.0;35;148
Lassy;35149;Bois énergie domestique;Chaleur;2650.0;3305.0;35;149
Lassy;35149;Hydroélectricité;Electricité;0.0;0.0;35;149
Lassy;35149;PAC (aérothermie et géothermie);Chaleur;1229.0;1720.0;35;149
Lassy;35149;Solaire PV;Electricité;61.0;88.0;35;149
Lassy;35149;Solaire thermique;Chaleur;20.0;30.0;35;149
Lécousse;35150;Bois énergie domestique;Chaleur;4776.0;5956.0;35;150
Lécousse;35150;Hydroélectricité;Electricité;0.0;0.0;35;150
Lécousse;35150;PAC (aérothermie et géothermie);Chaleur;2606.0;3646.0;35;150
Lécousse;35150;Solaire PV;Electricité;220.0;659.0;35;150
Lécousse;35150;Solaire thermique;Chaleur;43.0;60.0;35;150
Lieuron;35151;Bois énergie domestique;Chaleur;1454.0;1813.0;35;151
Lieuron;35151;Hydroélectricité;Electricité;0.0;0.0;35;151
Lieuron;35151;PAC (aérothermie et géothermie);Chaleur;704.0;986.0;35;151
Lieuron;35151;Solaire PV;Electricité;191.0;157.0;35;151
Lieuron;35151;Solaire thermique;Chaleur;12.0;20.0;35;151
Liffré;35152;Bois énergie chaufferies;Chaleur;2880.0;700.0;35;152
Liffré;35152;Bois énergie domestique;Chaleur;8806.0;10983.0;35;152
Liffré;35152;Hydroélectricité;Electricité;0.0;0.0;35;152
Liffré;35152;Méthanisation;Biométhane;21057.6;2602.0;35;152
Liffré;35152;Méthanisation;Chaleur;283.0;55.0;35;152
Liffré;35152;Méthanisation;Electricité;154.0;30.0;35;152
Liffré;35152;PAC (aérothermie et géothermie);Chaleur;4930.0;6898.0;35;152
Liffré;35152;Solaire PV;Electricité;615.0;1102.0;35;152
Liffré;35152;Solaire thermique;Chaleur;82.0;110.0;35;152
Lillemer;35153;Bois énergie domestique;Chaleur;620.0;774.0;35;153
Lillemer;35153;Hydroélectricité;Electricité;0.0;0.0;35;153
Lillemer;35153;PAC (aérothermie et géothermie);Chaleur;303.0;424.0;35;153
Lillemer;35153;Solaire thermique;Chaleur;5.0;10.0;35;153
Livré-sur-Changeon;35154;Bois énergie domestique;Chaleur;2614.0;3260.0;35;154
Livré-sur-Changeon;35154;Hydroélectricité;Electricité;0.0;0.0;35;154
Livré-sur-Changeon;35154;PAC (aérothermie et géothermie);Chaleur;1242.0;1738.0;35;154
Livré-sur-Changeon;35154;Solaire PV;Electricité;1194.0;1001.0;35;154
Livré-sur-Changeon;35154;Solaire thermique;Chaleur;21.0;30.0;35;154
Lohéac;35155;Bois énergie domestique;Chaleur;1112.0;1387.0;35;155
Lohéac;35155;Hydroélectricité;Electricité;0.0;0.0;35;155
Lohéac;35155;PAC (aérothermie et géothermie);Chaleur;536.0;750.0;35;155
Lohéac;35155;Solaire PV;Electricité;104.0;83.0;35;155
Lohéac;35155;Solaire thermique;Chaleur;9.0;10.0;35;155
Longaulnay;35156;Bois énergie domestique;Chaleur;913.0;1139.0;35;156
Longaulnay;35156;Hydroélectricité;Electricité;0.0;0.0;35;156
Longaulnay;35156;PAC (aérothermie et géothermie);Chaleur;443.0;620.0;35;156
Longaulnay;35156;Solaire PV;Electricité;595.0;558.0;35;156
Longaulnay;35156;Solaire thermique;Chaleur;7.0;10.0;35;156
Le Loroux;35157;Bois énergie domestique;Chaleur;1055.0;1316.0;35;157
Le Loroux;35157;Hydroélectricité;Electricité;0.0;0.0;35;157
Le Loroux;35157;Méthanisation;Biométhane;8457.1;918.0;35;157
Le Loroux;35157;PAC (aérothermie et géothermie);Chaleur;521.0;729.0;35;157
Le Loroux;35157;Solaire PV;Electricité;195.0;209.0;35;157
Le Loroux;35157;Solaire thermique;Chaleur;9.0;10.0;35;157
Lourmais;35159;Bois énergie domestique;Chaleur;548.0;684.0;35;159
Lourmais;35159;Hydroélectricité;Electricité;0.0;0.0;35;159
Lourmais;35159;PAC (aérothermie et géothermie);Chaleur;281.0;393.0;35;159
Lourmais;35159;Solaire thermique;Chaleur;5.0;10.0;35;159
Loutehel;35160;Bois énergie domestique;Chaleur;523.0;653.0;35;160
Loutehel;35160;Hydroélectricité;Electricité;0.0;0.0;35;160
Loutehel;35160;PAC (aérothermie et géothermie);Chaleur;267.0;374.0;35;160
Loutehel;35160;Solaire PV;Electricité;42.0;49.0;35;160
Loutehel;35160;Solaire thermique;Chaleur;4.0;10.0;35;160
Louvigné-de-Bais;35161;Bois énergie domestique;Chaleur;3326.0;4148.0;35;161
Louvigné-de-Bais;35161;Hydroélectricité;Electricité;0.0;0.0;35;161
Louvigné-de-Bais;35161;Méthanisation;Biométhane;11236.4;1224.0;35;161
Louvigné-de-Bais;35161;PAC (aérothermie et géothermie);Chaleur;1341.0;1877.0;35;161
Louvigné-de-Bais;35161;Solaire PV;Electricité;124.0;138.0;35;161
Louvigné-de-Bais;35161;Solaire thermique;Chaleur;22.0;30.0;35;161
Louvigné-du-Désert;35162;Bois énergie chaufferies;Chaleur;282.0;160.0;35;162
Louvigné-du-Désert;35162;Bois énergie domestique;Chaleur;5914.0;7376.0;35;162
Louvigné-du-Désert;35162;Hydroélectricité;Electricité;0.0;0.0;35;162
Louvigné-du-Désert;35162;PAC (aérothermie et géothermie);Chaleur;2945.0;4121.0;35;162
Louvigné-du-Désert;35162;Solaire PV;Electricité;261.0;552.0;35;162
Louvigné-du-Désert;35162;Solaire thermique;Chaleur;49.0;70.0;35;162
Luitré-Dompierre;35163;Bois énergie domestique;Chaleur;3159.0;3940.0;35;163
Luitré-Dompierre;35163;Hydroélectricité;Electricité;0.0;0.0;35;163
Luitré-Dompierre;35163;Méthanisation;Chaleur;427.0;70.0;35;163
Luitré-Dompierre;35163;Méthanisation;Electricité;269.0;44.0;35;163
Luitré-Dompierre;35163;PAC (aérothermie et géothermie);Chaleur;1502.0;2101.0;35;163
Luitré-Dompierre;35163;Solaire PV;Electricité;304.0;346.0;35;163
Luitré-Dompierre;35163;Solaire thermique;Chaleur;25.0;30.0;35;163
Marcillé-Raoul;35164;Bois énergie chaufferies;Chaleur;51.0;37.0;35;164
Marcillé-Raoul;35164;Bois énergie domestique;Chaleur;1349.0;1683.0;35;164
Marcillé-Raoul;35164;Éolien terrestre;Electricité;469.0;13200.0;35;164
Marcillé-Raoul;35164;Hydroélectricité;Electricité;0.0;0.0;35;164
Marcillé-Raoul;35164;PAC (aérothermie et géothermie);Chaleur;682.0;954.0;35;164
Marcillé-Raoul;35164;Solaire PV;Electricité;92.0;131.0;35;164
Marcillé-Raoul;35164;Solaire thermique;Chaleur;11.0;20.0;35;164
Marcillé-Robert;35165;Bois énergie chaufferies;Chaleur;186.0;100.0;35;165
Marcillé-Robert;35165;Bois énergie domestique;Chaleur;1679.0;2093.0;35;165
Marcillé-Robert;35165;Éolien terrestre;Electricité;15.0;10.0;35;165
Marcillé-Robert;35165;Hydroélectricité;Electricité;0.0;0.0;35;165
Marcillé-Robert;35165;PAC (aérothermie et géothermie);Chaleur;753.0;1054.0;35;165
Marcillé-Robert;35165;Solaire PV;Electricité;477.0;423.0;35;165
Marcillé-Robert;35165;Solaire thermique;Chaleur;13.0;20.0;35;165
Marpiré;35166;Bois énergie domestique;Chaleur;1576.0;1966.0;35;166
Marpiré;35166;Hydroélectricité;Electricité;0.0;0.0;35;166
Marpiré;35166;PAC (aérothermie et géothermie);Chaleur;694.0;972.0;35;166
Marpiré;35166;Solaire PV;Electricité;137.0;142.0;35;166
Marpiré;35166;Solaire thermique;Chaleur;12.0;20.0;35;166
Martigné-Ferchaud;35167;Bois énergie chaufferies;Chaleur;911.0;690.0;35;167
Martigné-Ferchaud;35167;Bois énergie domestique;Chaleur;4705.0;5869.0;35;167
Martigné-Ferchaud;35167;Éolien terrestre;Electricité;12346.0;9300.0;35;167
Martigné-Ferchaud;35167;Hydroélectricité;Electricité;0.0;0.0;35;167
Martigné-Ferchaud;35167;Méthanisation;Chaleur;7789.0;1072.0;35;167
Martigné-Ferchaud;35167;Méthanisation;Electricité;7251.0;997.0;35;167
Martigné-Ferchaud;35167;PAC (aérothermie et géothermie);Chaleur;2161.0;3023.0;35;167
Martigné-Ferchaud;35167;Solaire PV;Electricité;2733.0;3166.0;35;167
Martigné-Ferchaud;35167;Solaire thermique;Chaleur;36.0;50.0;35;167
Val d'Anast;35168;Bois énergie domestique;Chaleur;6802.0;8483.0;35;168
Val d'Anast;35168;Éolien terrestre;Electricité;14196.0;8000.0;35;168
Val d'Anast;35168;Hydroélectricité;Electricité;0.0;0.0;35;168
Val d'Anast;35168;PAC (aérothermie et géothermie);Chaleur;3499.0;4896.0;35;168
Val d'Anast;35168;Solaire PV;Electricité;562.0;556.0;35;168
Val d'Anast;35168;Solaire thermique;Chaleur;58.0;80.0;35;168
Maxent;35169;Bois énergie chaufferies;Chaleur;577.0;285.0;35;169
Maxent;35169;Bois énergie domestique;Chaleur;2484.0;3098.0;35;169
Maxent;35169;Éolien terrestre;Electricité;15310.0;6000.0;35;169
Maxent;35169;Hydroélectricité;Electricité;0.0;0.0;35;169
Maxent;35169;PAC (aérothermie et géothermie);Chaleur;1220.0;1707.0;35;169
Maxent;35169;Solaire PV;Electricité;468.0;532.0;35;169
Maxent;35169;Solaire thermique;Chaleur;20.0;30.0;35;169
Mecé;35170;Bois énergie domestique;Chaleur;1010.0;1260.0;35;170
Mecé;35170;Hydroélectricité;Electricité;0.0;0.0;35;170
Mecé;35170;PAC (aérothermie et géothermie);Chaleur;502.0;702.0;35;170
Mecé;35170;Solaire PV;Electricité;122.0;143.0;35;170
Mecé;35170;Solaire thermique;Chaleur;8.0;10.0;35;170
Médréac;35171;Bois énergie chaufferies;Chaleur;205.0;110.0;35;171
Médréac;35171;Bois énergie domestique;Chaleur;2927.0;3651.0;35;171
Médréac;35171;Hydroélectricité;Electricité;0.0;0.0;35;171
Médréac;35171;PAC (aérothermie et géothermie);Chaleur;1480.0;2071.0;35;171
Médréac;35171;Solaire PV;Electricité;428.0;540.0;35;171
Médréac;35171;Solaire thermique;Chaleur;25.0;30.0;35;171
Meillac;35172;Bois énergie domestique;Chaleur;3538.0;4412.0;35;172
Meillac;35172;Hydroélectricité;Electricité;0.0;0.0;35;172
Meillac;35172;Méthanisation;Biométhane;2251.4;1173.0;35;172
Meillac;35172;PAC (aérothermie et géothermie);Chaleur;1593.0;2229.0;35;172
Meillac;35172;Solaire PV;Electricité;685.0;713.0;35;172
Meillac;35172;Solaire thermique;Chaleur;26.0;40.0;35;172
Melesse;35173;Bois énergie chaufferies;Chaleur;467.0;460.0;35;173
Melesse;35173;Bois énergie domestique;Chaleur;9506.0;11856.0;35;173
Melesse;35173;Fossile;Chaleur;18780.0;4951.0;35;173
Melesse;35173;Fossile;Electricité;16693.0;4401.0;35;173
Melesse;35173;Hydroélectricité;Electricité;0.0;0.0;35;173
Melesse;35173;Méthanisation;Biométhane;3497.9;510.0;35;173
Melesse;35173;PAC (aérothermie et géothermie);Chaleur;4268.0;5971.0;35;173
Melesse;35173;Solaire PV;Electricité;926.0;1110.0;35;173
Melesse;35173;Solaire thermique;Chaleur;71.0;100.0;35;173
Mellé;35174;Bois énergie chaufferies;Chaleur;208.0;70.0;35;174
Mellé;35174;Bois énergie domestique;Chaleur;1176.0;1466.0;35;174
Mellé;35174;Hydroélectricité;Electricité;0.0;0.0;35;174
Mellé;35174;PAC (aérothermie et géothermie);Chaleur;633.0;886.0;35;174
Mellé;35174;Solaire PV;Electricité;91.0;101.0;35;174
Mellé;35174;Solaire thermique;Chaleur;11.0;10.0;35;174
Mernel;35175;Bois énergie domestique;Chaleur;1867.0;2329.0;35;175
Mernel;35175;Hydroélectricité;Electricité;0.0;0.0;35;175
Mernel;35175;PAC (aérothermie et géothermie);Chaleur;919.0;1286.0;35;175
Mernel;35175;Solaire PV;Electricité;102.0;118.0;35;175
Mernel;35175;Solaire thermique;Chaleur;15.0;20.0;35;175
Guipry-Messac;35176;Bois énergie domestique;Chaleur;11931.0;14880.0;35;176
Guipry-Messac;35176;Hydroélectricité;Electricité;0.0;0.0;35;176
Guipry-Messac;35176;Méthanisation;Biométhane;0.0;0.0;35;176
Guipry-Messac;35176;PAC (aérothermie et géothermie);Chaleur;6090.0;8522.0;35;176
Guipry-Messac;35176;Solaire PV;Electricité;1218.0;1650.0;35;176
Guipry-Messac;35176;Solaire thermique;Chaleur;101.0;140.0;35;176
La Mézière;35177;Bois énergie chaufferies;Chaleur;740.0;520.0;35;177
La Mézière;35177;Bois énergie domestique;Chaleur;6364.0;7937.0;35;177
La Mézière;35177;Hydroélectricité;Electricité;0.0;0.0;35;177
La Mézière;35177;PAC (aérothermie et géothermie);Chaleur;2792.0;3907.0;35;177
La Mézière;35177;Solaire PV;Electricité;480.0;987.0;35;177
La Mézière;35177;Solaire thermique;Chaleur;46.0;60.0;35;177
Mézières-sur-Couesnon;35178;Bois énergie chaufferies;Chaleur;143.0;80.0;35;178
Mézières-sur-Couesnon;35178;Bois énergie domestique;Chaleur;2721.0;3394.0;35;178
Mézières-sur-Couesnon;35178;Hydroélectricité;Electricité;0.0;0.0;35;178
Mézières-sur-Couesnon;35178;PAC (aérothermie et géothermie);Chaleur;1273.0;1782.0;35;178
Mézières-sur-Couesnon;35178;Solaire PV;Electricité;91.0;132.0;35;178
Mézières-sur-Couesnon;35178;Solaire thermique;Chaleur;21.0;30.0;35;178
Miniac-Morvan;35179;Bois énergie domestique;Chaleur;6797.0;8477.0;35;179
Miniac-Morvan;35179;Hydroélectricité;Electricité;0.0;0.0;35;179
Miniac-Morvan;35179;PAC (aérothermie et géothermie);Chaleur;3254.0;4553.0;35;179
Miniac-Morvan;35179;Solaire PV;Electricité;618.0;640.0;35;179
Miniac-Morvan;35179;Solaire thermique;Chaleur;54.0;80.0;35;179
Miniac-sous-Bécherel;35180;Bois énergie chaufferies;Chaleur;56.0;35.0;35;180
Miniac-sous-Bécherel;35180;Bois énergie domestique;Chaleur;1264.0;1577.0;35;180
Miniac-sous-Bécherel;35180;Hydroélectricité;Electricité;0.0;0.0;35;180
Miniac-sous-Bécherel;35180;PAC (aérothermie et géothermie);Chaleur;587.0;821.0;35;180
Miniac-sous-Bécherel;35180;Solaire PV;Electricité;103.0;198.0;35;180
Miniac-sous-Bécherel;35180;Solaire thermique;Chaleur;10.0;10.0;35;180
Le Minihic-sur-Rance;35181;Bois énergie chaufferies;Chaleur;547.0;200.0;35;181
Le Minihic-sur-Rance;35181;Bois énergie domestique;Chaleur;2715.0;3386.0;35;181
Le Minihic-sur-Rance;35181;Hydroélectricité;Electricité;0.0;0.0;35;181
Le Minihic-sur-Rance;35181;PAC (aérothermie et géothermie);Chaleur;1561.0;2185.0;35;181
Le Minihic-sur-Rance;35181;Solaire PV;Electricité;50.0;62.0;35;181
Le Minihic-sur-Rance;35181;Solaire thermique;Chaleur;26.0;40.0;35;181
Mondevert;35183;Bois énergie domestique;Chaleur;1320.0;1646.0;35;183
Mondevert;35183;Hydroélectricité;Electricité;0.0;0.0;35;183
Mondevert;35183;PAC (aérothermie et géothermie);Chaleur;578.0;809.0;35;183
Mondevert;35183;Solaire PV;Electricité;78.0;84.0;35;183
Mondevert;35183;Solaire thermique;Chaleur;10.0;10.0;35;183
Montauban-de-Bretagne;35184;Bois énergie chaufferies;Chaleur;50109.0;8500.0;35;184
Montauban-de-Bretagne;35184;Bois énergie domestique;Chaleur;8691.0;10839.0;35;184
Montauban-de-Bretagne;35184;Fossile;Chaleur;22047.0;8722.0;35;184
Montauban-de-Bretagne;35184;Fossile;Electricité;19598.0;7753.0;35;184
Montauban-de-Bretagne;35184;Hydroélectricité;Electricité;0.0;0.0;35;184
Montauban-de-Bretagne;35184;Méthanisation;Chaleur;8172.0;1182.0;35;184
Montauban-de-Bretagne;35184;Méthanisation;Electricité;8451.0;1222.0;35;184
Montauban-de-Bretagne;35184;PAC (aérothermie et géothermie);Chaleur;3960.0;5542.0;35;184
Montauban-de-Bretagne;35184;Solaire PV;Electricité;1399.0;1431.0;35;184
Montauban-de-Bretagne;35184;Solaire thermique;Chaleur;66.0;90.0;35;184
Montautour;35185;Bois énergie chaufferies;Chaleur;32.0;50.0;35;185
Montautour;35185;Bois énergie domestique;Chaleur;435.0;542.0;35;185
Montautour;35185;Hydroélectricité;Electricité;0.0;0.0;35;185
Montautour;35185;PAC (aérothermie et géothermie);Chaleur;216.0;303.0;35;185
Montautour;35185;Solaire thermique;Chaleur;4.0;10.0;35;185
Mont-Dol;35186;Bois énergie domestique;Chaleur;2007.0;2503.0;35;186
Mont-Dol;35186;Hydroélectricité;Electricité;0.0;0.0;35;186
Mont-Dol;35186;PAC (aérothermie et géothermie);Chaleur;1082.0;1514.0;35;186
Mont-Dol;35186;Solaire PV;Electricité;22.0;39.0;35;186
Mont-Dol;35186;Solaire thermique;Chaleur;18.0;30.0;35;186
Monterfil;35187;Bois énergie domestique;Chaleur;2139.0;2668.0;35;187
Monterfil;35187;Éolien terrestre;Electricité;23722.0;11040.0;35;187
Monterfil;35187;Hydroélectricité;Electricité;0.0;0.0;35;187
Monterfil;35187;Méthanisation;Biométhane;5416.2;1000.0;35;187
Monterfil;35187;PAC (aérothermie et géothermie);Chaleur;1003.0;1404.0;35;187
Monterfil;35187;Solaire PV;Electricité;802.0;956.0;35;187
Monterfil;35187;Solaire thermique;Chaleur;17.0;20.0;35;187
Montfort-sur-Meu;35188;Bois énergie domestique;Chaleur;6663.0;8310.0;35;188
Montfort-sur-Meu;35188;Fossile;Chaleur;0.0;0.0;35;188
Montfort-sur-Meu;35188;Fossile;Electricité;56.0;3880.0;35;188
Montfort-sur-Meu;35188;Hydroélectricité;Electricité;0.0;0.0;35;188
Montfort-sur-Meu;35188;PAC (aérothermie et géothermie);Chaleur;3801.0;5318.0;35;188
Montfort-sur-Meu;35188;Solaire PV;Electricité;204.0;262.0;35;188
Montfort-sur-Meu;35188;Solaire thermique;Chaleur;63.0;90.0;35;188
Montgermont;35189;Bois énergie chaufferies;Chaleur;420.0;300.0;35;189
Montgermont;35189;Bois énergie domestique;Chaleur;3183.0;3970.0;35;189
Montgermont;35189;Hydroélectricité;Electricité;0.0;0.0;35;189
Montgermont;35189;PAC (aérothermie et géothermie);Chaleur;1746.0;2443.0;35;189
Montgermont;35189;Solaire PV;Electricité;146.0;217.0;35;189
Montgermont;35189;Solaire thermique;Chaleur;29.0;40.0;35;189
Monthault;35190;Bois énergie chaufferies;Chaleur;685.0;500.0;35;190
Monthault;35190;Bois énergie domestique;Chaleur;485.0;605.0;35;190
Monthault;35190;Hydroélectricité;Electricité;0.0;0.0;35;190
Monthault;35190;PAC (aérothermie et géothermie);Chaleur;294.0;412.0;35;190
Monthault;35190;Solaire PV;Electricité;531.0;463.0;35;190
Monthault;35190;Solaire thermique;Chaleur;5.0;10.0;35;190
Les Portes du Coglais;35191;Bois énergie domestique;Chaleur;4741.0;5913.0;35;191
Les Portes du Coglais;35191;Éolien terrestre;Electricité;30.0;20.0;35;191
Les Portes du Coglais;35191;Fossile;Chaleur;0.0;0.0;35;191
Les Portes du Coglais;35191;Fossile;Electricité;0.0;0.0;35;191
Les Portes du Coglais;35191;Hydroélectricité;Electricité;0.0;0.0;35;191
Les Portes du Coglais;35191;Méthanisation;Chaleur;0.0;0.0;35;191
Les Portes du Coglais;35191;Méthanisation;Electricité;0.0;0.0;35;191
Les Portes du Coglais;35191;PAC (aérothermie et géothermie);Chaleur;2097.0;2934.0;35;191
Les Portes du Coglais;35191;Solaire PV;Electricité;1190.0;1146.0;35;191
Les Portes du Coglais;35191;Solaire thermique;Chaleur;35.0;50.0;35;191
Montreuil-des-Landes;35192;Bois énergie domestique;Chaleur;394.0;491.0;35;192
Montreuil-des-Landes;35192;Éolien terrestre;Electricité;20218.0;12000.0;35;192
Montreuil-des-Landes;35192;Hydroélectricité;Electricité;0.0;0.0;35;192
Montreuil-des-Landes;35192;PAC (aérothermie et géothermie);Chaleur;197.0;276.0;35;192
Montreuil-des-Landes;35192;Solaire PV;Electricité;41.0;83.0;35;192
Montreuil-des-Landes;35192;Solaire thermique;Chaleur;3.0;0.0;35;192
Montreuil-le-Gast;35193;Bois énergie chaufferies;Chaleur;40.0;32.0;35;193
Montreuil-le-Gast;35193;Bois énergie domestique;Chaleur;2968.0;3702.0;35;193
Montreuil-le-Gast;35193;Éolien terrestre;Electricité;15.0;10.0;35;193
Montreuil-le-Gast;35193;Hydroélectricité;Electricité;0.0;0.0;35;193
Montreuil-le-Gast;35193;Méthanisation;Chaleur;1261.0;180.0;35;193
Montreuil-le-Gast;35193;PAC (aérothermie et géothermie);Chaleur;1359.0;1902.0;35;193
Montreuil-le-Gast;35193;Solaire PV;Electricité;191.0;195.0;35;193
Montreuil-le-Gast;35193;Solaire thermique;Chaleur;23.0;30.0;35;193
Montreuil-sous-Pérouse;35194;Bois énergie domestique;Chaleur;1637.0;2042.0;35;194
Montreuil-sous-Pérouse;35194;Fossile;Chaleur;0.0;0.0;35;194
Montreuil-sous-Pérouse;35194;Fossile;Electricité;47.0;2000.0;35;194
Montreuil-sous-Pérouse;35194;Hydroélectricité;Electricité;0.0;0.0;35;194
Montreuil-sous-Pérouse;35194;PAC (aérothermie et géothermie);Chaleur;726.0;1016.0;35;194
Montreuil-sous-Pérouse;35194;Solaire PV;Electricité;76.0;78.0;35;194
Montreuil-sous-Pérouse;35194;Solaire thermique;Chaleur;12.0;20.0;35;194
Montreuil-sur-Ille;35195;Bois énergie domestique;Chaleur;3618.0;4512.0;35;195
Montreuil-sur-Ille;35195;Hydroélectricité;Electricité;0.0;0.0;35;195
Montreuil-sur-Ille;35195;PAC (aérothermie et géothermie);Chaleur;1732.0;2424.0;35;195
Montreuil-sur-Ille;35195;Solaire PV;Electricité;478.0;490.0;35;195
Montreuil-sur-Ille;35195;Solaire thermique;Chaleur;29.0;40.0;35;195
Mordelles;35196;Bois énergie chaufferies;Chaleur;229.0;150.0;35;196
Mordelles;35196;Bois énergie domestique;Chaleur;6759.0;8429.0;35;196
Mordelles;35196;Fossile;Chaleur;7439.0;2183.0;35;196
Mordelles;35196;Fossile;Electricité;6613.0;1940.0;35;196
Mordelles;35196;Hydroélectricité;Electricité;0.0;0.0;35;196
Mordelles;35196;PAC (aérothermie et géothermie);Chaleur;3832.0;5362.0;35;196
Mordelles;35196;Solaire PV;Electricité;790.0;835.0;35;196
Mordelles;35196;Solaire thermique;Chaleur;63.0;90.0;35;196
Mouazé;35197;Bois énergie domestique;Chaleur;2444.0;3048.0;35;197
Mouazé;35197;Hydroélectricité;Electricité;0.0;0.0;35;197
Mouazé;35197;PAC (aérothermie et géothermie);Chaleur;1114.0;1559.0;35;197
Mouazé;35197;Solaire PV;Electricité;85.0;121.0;35;197
Mouazé;35197;Solaire thermique;Chaleur;18.0;30.0;35;197
Moulins;35198;Bois énergie domestique;Chaleur;1144.0;1427.0;35;198
Moulins;35198;Hydroélectricité;Electricité;0.0;0.0;35;198
Moulins;35198;PAC (aérothermie et géothermie);Chaleur;544.0;761.0;35;198
Moulins;35198;Solaire PV;Electricité;202.0;455.0;35;198
Moulins;35198;Solaire thermique;Chaleur;9.0;10.0;35;198
Moussé;35199;Bois énergie chaufferies;Chaleur;79.0;35.0;35;199
Moussé;35199;Bois énergie domestique;Chaleur;567.0;707.0;35;199
Moussé;35199;Hydroélectricité;Electricité;0.0;0.0;35;199
Moussé;35199;PAC (aérothermie et géothermie);Chaleur;234.0;327.0;35;199
Moussé;35199;Solaire thermique;Chaleur;4.0;10.0;35;199
Moutiers;35200;Bois énergie chaufferies;Chaleur;183.0;70.0;35;200
Moutiers;35200;Bois énergie domestique;Chaleur;1541.0;1923.0;35;200
Moutiers;35200;Hydroélectricité;Electricité;0.0;0.0;35;200
Moutiers;35200;PAC (aérothermie et géothermie);Chaleur;626.0;876.0;35;200
Moutiers;35200;Solaire PV;Electricité;181.0;235.0;35;200
Moutiers;35200;Solaire thermique;Chaleur;10.0;10.0;35;200
Muel;35201;Bois énergie chaufferies;Chaleur;69.0;60.0;35;201
Muel;35201;Bois énergie domestique;Chaleur;1760.0;2195.0;35;201
Muel;35201;Hydroélectricité;Electricité;0.0;0.0;35;201
Muel;35201;Méthanisation;Chaleur;2530.0;288.0;35;201
Muel;35201;Méthanisation;Electricité;2196.0;250.0;35;201
Muel;35201;PAC (aérothermie et géothermie);Chaleur;818.0;1145.0;35;201
Muel;35201;Solaire PV;Electricité;355.0;407.0;35;201
Muel;35201;Solaire thermique;Chaleur;14.0;20.0;35;201
La Noë-Blanche;35202;Bois énergie domestique;Chaleur;1681.0;2096.0;35;202
La Noë-Blanche;35202;Éolien terrestre;Electricité;6496.0;4000.0;35;202
La Noë-Blanche;35202;Hydroélectricité;Electricité;0.0;0.0;35;202
La Noë-Blanche;35202;PAC (aérothermie et géothermie);Chaleur;845.0;1182.0;35;202
La Noë-Blanche;35202;Solaire PV;Electricité;168.0;176.0;35;202
La Noë-Blanche;35202;Solaire thermique;Chaleur;14.0;20.0;35;202
La Nouaye;35203;Bois énergie domestique;Chaleur;490.0;611.0;35;203
La Nouaye;35203;Hydroélectricité;Electricité;0.0;0.0;35;203
La Nouaye;35203;Méthanisation;Chaleur;314.0;61.0;35;203
La Nouaye;35203;Méthanisation;Electricité;170.0;33.0;35;203
La Nouaye;35203;PAC (aérothermie et géothermie);Chaleur;219.0;306.0;35;203
La Nouaye;35203;Solaire PV;Electricité;353.0;270.0;35;203
La Nouaye;35203;Solaire thermique;Chaleur;4.0;10.0;35;203
Nouvoitou;35204;Bois énergie domestique;Chaleur;4691.0;5851.0;35;204
Nouvoitou;35204;Éolien terrestre;Electricité;15.0;10.0;35;204
Nouvoitou;35204;Fossile;Chaleur;14537.0;4951.0;35;204
Nouvoitou;35204;Fossile;Electricité;12922.0;4401.0;35;204
Nouvoitou;35204;Hydroélectricité;Electricité;0.0;0.0;35;204
Nouvoitou;35204;PAC (aérothermie et géothermie);Chaleur;2091.0;2926.0;35;204
Nouvoitou;35204;Solaire PV;Electricité;315.0;441.0;35;204
Nouvoitou;35204;Solaire thermique;Chaleur;35.0;50.0;35;204
Noyal-sous-Bazouges;35205;Bois énergie domestique;Chaleur;858.0;1070.0;35;205
Noyal-sous-Bazouges;35205;Éolien terrestre;Electricité;12435.0;6000.0;35;205
Noyal-sous-Bazouges;35205;Hydroélectricité;Electricité;0.0;0.0;35;205
Noyal-sous-Bazouges;35205;PAC (aérothermie et géothermie);Chaleur;420.0;588.0;35;205
Noyal-sous-Bazouges;35205;Solaire PV;Electricité;265.0;286.0;35;205
Noyal-sous-Bazouges;35205;Solaire thermique;Chaleur;7.0;10.0;35;205
Noyal-Châtillon-sur-Seiche;35206;Bois énergie chaufferies;Chaleur;116200.0;33000.0;35;206
Noyal-Châtillon-sur-Seiche;35206;Bois énergie chaufferies;Electricité;64451.0;9400.0;35;206
Noyal-Châtillon-sur-Seiche;35206;Bois énergie domestique;Chaleur;6392.0;7972.0;35;206
Noyal-Châtillon-sur-Seiche;35206;Fossile;Chaleur;47444.0;14062.0;35;206
Noyal-Châtillon-sur-Seiche;35206;Fossile;Electricité;42173.0;12499.0;35;206
Noyal-Châtillon-sur-Seiche;35206;Hydroélectricité;Electricité;0.0;0.0;35;206
Noyal-Châtillon-sur-Seiche;35206;Méthanisation;Biométhane;9289.4;1275.0;35;206
Noyal-Châtillon-sur-Seiche;35206;PAC (aérothermie et géothermie);Chaleur;3561.0;4983.0;35;206
Noyal-Châtillon-sur-Seiche;35206;Solaire PV;Electricité;538.0;804.0;35;206
Noyal-Châtillon-sur-Seiche;35206;Solaire thermique;Chaleur;59.0;80.0;35;206
Noyal-sur-Vilaine;35207;Bois énergie domestique;Chaleur;6039.0;7532.0;35;207
Noyal-sur-Vilaine;35207;Hydroélectricité;Electricité;0.0;0.0;35;207
Noyal-sur-Vilaine;35207;Méthanisation;Biométhane;0.0;0.0;35;207
Noyal-sur-Vilaine;35207;Méthanisation;Chaleur;3304.0;475.0;35;207
Noyal-sur-Vilaine;35207;Méthanisation;Electricité;2767.0;402.0;35;207
Noyal-sur-Vilaine;35207;PAC (aérothermie et géothermie);Chaleur;3305.0;4625.0;35;207
Noyal-sur-Vilaine;35207;Solaire PV;Electricité;672.0;804.0;35;207
Noyal-sur-Vilaine;35207;Solaire thermique;Chaleur;55.0;80.0;35;207
Orgères;35208;Bois énergie chaufferies;Chaleur;1475.0;700.0;35;208
Orgères;35208;Bois énergie domestique;Chaleur;5212.0;6501.0;35;208
Orgères;35208;Hydroélectricité;Electricité;0.0;0.0;35;208
Orgères;35208;PAC (aérothermie et géothermie);Chaleur;3026.0;4234.0;35;208
Orgères;35208;Solaire PV;Electricité;1173.0;1078.0;35;208
Orgères;35208;Solaire thermique;Chaleur;50.0;70.0;35;208
Pacé;35210;Bois énergie domestique;Chaleur;10292.0;12836.0;35;210
Pacé;35210;Hydroélectricité;Electricité;0.0;0.0;35;210
Pacé;35210;Méthanisation;Biométhane;4732.0;510.0;35;210
Pacé;35210;PAC (aérothermie et géothermie);Chaleur;5578.0;7806.0;35;210
Pacé;35210;Solaire PV;Electricité;1648.0;2392.0;35;210
Pacé;35210;Solaire thermique;Chaleur;92.0;130.0;35;210
Paimpont;35211;Bois énergie chaufferies;Chaleur;1335.0;620.0;35;211
Paimpont;35211;Bois énergie domestique;Chaleur;3160.0;3941.0;35;211
Paimpont;35211;Éolien terrestre;Electricité;15.0;10.0;35;211
Paimpont;35211;Hydroélectricité;Electricité;0.0;0.0;35;211
Paimpont;35211;Méthanisation;Chaleur;306.0;44.0;35;211
Paimpont;35211;Méthanisation;Electricité;306.0;44.0;35;211
Paimpont;35211;PAC (aérothermie et géothermie);Chaleur;1761.0;2465.0;35;211
Paimpont;35211;Solaire PV;Electricité;385.0;371.0;35;211
Paimpont;35211;Solaire thermique;Chaleur;29.0;40.0;35;211
Pancé;35212;Bois énergie domestique;Chaleur;2036.0;2539.0;35;212
Pancé;35212;Hydroélectricité;Electricité;0.0;0.0;35;212
Pancé;35212;PAC (aérothermie et géothermie);Chaleur;974.0;1363.0;35;212
Pancé;35212;Solaire PV;Electricité;241.0;321.0;35;212
Pancé;35212;Solaire thermique;Chaleur;16.0;20.0;35;212
Parcé;35214;Bois énergie chaufferies;Chaleur;189.0;55.0;35;214
Parcé;35214;Bois énergie domestique;Chaleur;1090.0;1359.0;35;214
Parcé;35214;Hydroélectricité;Electricité;0.0;0.0;35;214
Parcé;35214;PAC (aérothermie et géothermie);Chaleur;511.0;715.0;35;214
Parcé;35214;Solaire PV;Electricité;156.0;203.0;35;214
Parcé;35214;Solaire thermique;Chaleur;9.0;10.0;35;214
Parigné;35215;Bois énergie chaufferies;Chaleur;660.0;500.0;35;215
Parigné;35215;Bois énergie domestique;Chaleur;2101.0;2620.0;35;215
Parigné;35215;Hydroélectricité;Electricité;0.0;0.0;35;215
Parigné;35215;PAC (aérothermie et géothermie);Chaleur;993.0;1389.0;35;215
Parigné;35215;Solaire PV;Electricité;299.0;262.0;35;215
Parigné;35215;Solaire thermique;Chaleur;16.0;20.0;35;215
Parthenay-de-Bretagne;35216;Bois énergie chaufferies;Chaleur;2324.0;1000.0;35;216
Parthenay-de-Bretagne;35216;Bois énergie domestique;Chaleur;2174.0;2711.0;35;216
Parthenay-de-Bretagne;35216;Hydroélectricité;Electricité;0.0;0.0;35;216
Parthenay-de-Bretagne;35216;PAC (aérothermie et géothermie);Chaleur;981.0;1373.0;35;216
Parthenay-de-Bretagne;35216;Solaire PV;Electricité;210.0;196.0;35;216
Parthenay-de-Bretagne;35216;Solaire thermique;Chaleur;16.0;20.0;35;216
Le Pertre;35217;Bois énergie domestique;Chaleur;2249.0;2804.0;35;217
Le Pertre;35217;Hydroélectricité;Electricité;0.0;0.0;35;217
Le Pertre;35217;PAC (aérothermie et géothermie);Chaleur;1122.0;1569.0;35;217
Le Pertre;35217;Solaire PV;Electricité;303.0;291.0;35;217
Le Pertre;35217;Solaire thermique;Chaleur;19.0;30.0;35;217
Le Petit-Fougeray;35218;Bois énergie domestique;Chaleur;1339.0;1670.0;35;218
Le Petit-Fougeray;35218;Éolien terrestre;Electricité;28054.0;10010.0;35;218
Le Petit-Fougeray;35218;Hydroélectricité;Electricité;0.0;0.0;35;218
Le Petit-Fougeray;35218;PAC (aérothermie et géothermie);Chaleur;619.0;866.0;35;218
Le Petit-Fougeray;35218;Solaire PV;Electricité;33.0;47.0;35;218
Le Petit-Fougeray;35218;Solaire thermique;Chaleur;10.0;10.0;35;218
Pipriac;35219;Bois énergie domestique;Chaleur;7125.0;8886.0;35;219
Pipriac;35219;Éolien terrestre;Electricité;15.0;10.0;35;219
Pipriac;35219;Hydroélectricité;Electricité;0.0;0.0;35;219
Pipriac;35219;Méthanisation;Chaleur;1815.0;248.0;35;219
Pipriac;35219;Méthanisation;Electricité;1830.0;250.0;35;219
Pipriac;35219;PAC (aérothermie et géothermie);Chaleur;3161.0;4423.0;35;219
Pipriac;35219;Solaire PV;Electricité;553.0;573.0;35;219
Pipriac;35219;Solaire thermique;Chaleur;52.0;70.0;35;219
Piré-Chancé;35220;Bois énergie domestique;Chaleur;4574.0;5705.0;35;220
Piré-Chancé;35220;Hydroélectricité;Electricité;0.0;0.0;35;220
Piré-Chancé;35220;PAC (aérothermie et géothermie);Chaleur;2129.0;2978.0;35;220
Piré-Chancé;35220;Solaire PV;Electricité;354.0;412.0;35;220
Piré-Chancé;35220;Solaire thermique;Chaleur;35.0;50.0;35;220
Pléchâtel;35221;Bois énergie chaufferies;Chaleur;394.0;220.0;35;221
Pléchâtel;35221;Bois énergie domestique;Chaleur;4573.0;5703.0;35;221
Pléchâtel;35221;Éolien terrestre;Electricité;7819.0;4800.0;35;221
Pléchâtel;35221;Hydroélectricité;Electricité;0.0;0.0;35;221
Pléchâtel;35221;PAC (aérothermie et géothermie);Chaleur;2280.0;3191.0;35;221
Pléchâtel;35221;Solaire PV;Electricité;406.0;507.0;35;221
Pléchâtel;35221;Solaire thermique;Chaleur;38.0;50.0;35;221
Pleine-Fougères;35222;Bois énergie chaufferies;Chaleur;54.0;49.0;35;222
Pleine-Fougères;35222;Bois énergie domestique;Chaleur;3993.0;4980.0;35;222
Pleine-Fougères;35222;Hydroélectricité;Electricité;0.0;0.0;35;222
Pleine-Fougères;35222;PAC (aérothermie et géothermie);Chaleur;1843.0;2579.0;35;222
Pleine-Fougères;35222;Solaire PV;Electricité;423.0;454.0;35;222
Pleine-Fougères;35222;Solaire thermique;Chaleur;31.0;40.0;35;222
Plélan-le-Grand;35223;Bois énergie chaufferies;Chaleur;225.0;198.0;35;223
Plélan-le-Grand;35223;Bois énergie domestique;Chaleur;6464.0;8062.0;35;223
Plélan-le-Grand;35223;Éolien terrestre;Electricité;25170.0;12000.0;35;223
Plélan-le-Grand;35223;Hydroélectricité;Electricité;0.0;0.0;35;223
Plélan-le-Grand;35223;PAC (aérothermie et géothermie);Chaleur;3162.0;4424.0;35;223
Plélan-le-Grand;35223;Solaire PV;Electricité;792.0;948.0;35;223
Plélan-le-Grand;35223;Solaire thermique;Chaleur;52.0;70.0;35;223
Plerguer;35224;Bois énergie chaufferies;Chaleur;202.0;150.0;35;224
Plerguer;35224;Bois énergie domestique;Chaleur;4630.0;5774.0;35;224
Plerguer;35224;Hydroélectricité;Electricité;0.0;0.0;35;224
Plerguer;35224;PAC (aérothermie et géothermie);Chaleur;2214.0;3098.0;35;224
Plerguer;35224;Solaire PV;Electricité;230.0;256.0;35;224
Plerguer;35224;Solaire thermique;Chaleur;37.0;50.0;35;224
Plesder;35225;Bois énergie domestique;Chaleur;1503.0;1875.0;35;225
Plesder;35225;Hydroélectricité;Electricité;0.0;0.0;35;225
Plesder;35225;Méthanisation;Biométhane;7029.6;765.0;35;225
Plesder;35225;PAC (aérothermie et géothermie);Chaleur;694.0;972.0;35;225
Plesder;35225;Solaire PV;Electricité;403.0;371.0;35;225
Plesder;35225;Solaire thermique;Chaleur;12.0;20.0;35;225
Pleugueneuc;35226;Bois énergie domestique;Chaleur;3130.0;3904.0;35;226
Pleugueneuc;35226;Hydroélectricité;Electricité;0.0;0.0;35;226
Pleugueneuc;35226;Méthanisation;Biométhane;7864.4;1173.0;35;226
Pleugueneuc;35226;PAC (aérothermie et géothermie);Chaleur;1574.0;2202.0;35;226
Pleugueneuc;35226;Solaire PV;Electricité;613.0;603.0;35;226
Pleugueneuc;35226;Solaire thermique;Chaleur;26.0;40.0;35;226
Pleumeleuc;35227;Bois énergie chaufferies;Chaleur;123.0;50.0;35;227
Pleumeleuc;35227;Bois énergie domestique;Chaleur;3790.0;4727.0;35;227
Pleumeleuc;35227;Hydroélectricité;Electricité;0.0;0.0;35;227
Pleumeleuc;35227;PAC (aérothermie et géothermie);Chaleur;2091.0;2926.0;35;227
Pleumeleuc;35227;Solaire PV;Electricité;558.0;547.0;35;227
Pleumeleuc;35227;Solaire thermique;Chaleur;35.0;50.0;35;227
Pleurtuit;35228;Bois énergie domestique;Chaleur;10388.0;12956.0;35;228
Pleurtuit;35228;Hydroélectricité;Electricité;0.0;0.0;35;228
Pleurtuit;35228;PAC (aérothermie et géothermie);Chaleur;5129.0;7177.0;35;228
Pleurtuit;35228;Solaire PV;Electricité;453.0;584.0;35;228
Pleurtuit;35228;Solaire thermique;Chaleur;85.0;120.0;35;228
Pocé-les-Bois;35229;Bois énergie domestique;Chaleur;2015.0;2513.0;35;229
Pocé-les-Bois;35229;Hydroélectricité;Electricité;0.0;0.0;35;229
Pocé-les-Bois;35229;PAC (aérothermie et géothermie);Chaleur;893.0;1250.0;35;229
Pocé-les-Bois;35229;Solaire PV;Electricité;277.0;330.0;35;229
Pocé-les-Bois;35229;Solaire thermique;Chaleur;15.0;20.0;35;229
Poilley;35230;Bois énergie domestique;Chaleur;728.0;907.0;35;230
Poilley;35230;Hydroélectricité;Electricité;0.0;0.0;35;230
Poilley;35230;PAC (aérothermie et géothermie);Chaleur;389.0;545.0;35;230
Poilley;35230;Solaire PV;Electricité;488.0;510.0;35;230
Poilley;35230;Solaire thermique;Chaleur;6.0;10.0;35;230
Poligné;35231;Bois énergie domestique;Chaleur;1770.0;2207.0;35;231
Poligné;35231;Hydroélectricité;Electricité;0.0;0.0;35;231
Poligné;35231;PAC (aérothermie et géothermie);Chaleur;831.0;1163.0;35;231
Poligné;35231;Solaire PV;Electricité;47.0;64.0;35;231
Poligné;35231;Solaire thermique;Chaleur;14.0;20.0;35;231
Princé;35232;Bois énergie domestique;Chaleur;723.0;902.0;35;232
Princé;35232;Hydroélectricité;Electricité;0.0;0.0;35;232
Princé;35232;PAC (aérothermie et géothermie);Chaleur;384.0;538.0;35;232
Princé;35232;Solaire PV;Electricité;1172.0;918.0;35;232
Princé;35232;Solaire thermique;Chaleur;6.0;10.0;35;232
Québriac;35233;Bois énergie domestique;Chaleur;2624.0;3272.0;35;233
Québriac;35233;Hydroélectricité;Electricité;0.0;0.0;35;233
Québriac;35233;PAC (aérothermie et géothermie);Chaleur;1253.0;1753.0;35;233
Québriac;35233;Solaire PV;Electricité;132.0;328.0;35;233
Québriac;35233;Solaire thermique;Chaleur;21.0;30.0;35;233
Quédillac;35234;Bois énergie chaufferies;Chaleur;420.0;300.0;35;234
Quédillac;35234;Bois énergie domestique;Chaleur;1964.0;2450.0;35;234
Quédillac;35234;Hydroélectricité;Electricité;0.0;0.0;35;234
Quédillac;35234;PAC (aérothermie et géothermie);Chaleur;967.0;1353.0;35;234
Quédillac;35234;Solaire PV;Electricité;766.0;967.0;35;234
Quédillac;35234;Solaire thermique;Chaleur;16.0;20.0;35;234
Rannée;35235;Bois énergie chaufferies;Chaleur;114.0;55.0;35;235
Rannée;35235;Bois énergie domestique;Chaleur;2168.0;2704.0;35;235
Rannée;35235;Hydroélectricité;Electricité;0.0;0.0;35;235
Rannée;35235;PAC (aérothermie et géothermie);Chaleur;925.0;1295.0;35;235
Rannée;35235;Solaire PV;Electricité;958.0;1072.0;35;235
Rannée;35235;Solaire thermique;Chaleur;15.0;20.0;35;235
Redon;35236;Bois énergie chaufferies;Chaleur;158.0;250.0;35;236
Redon;35236;Bois énergie domestique;Chaleur;8734.0;10893.0;35;236
Redon;35236;Hydroélectricité;Electricité;0.0;0.0;35;236
Redon;35236;PAC (aérothermie et géothermie);Chaleur;5213.0;7294.0;35;236
Redon;35236;Solaire PV;Electricité;612.0;645.0;35;236
Redon;35236;Solaire thermique;Chaleur;86.0;120.0;35;236
Renac;35237;Bois énergie domestique;Chaleur;2124.0;2649.0;35;237
Renac;35237;Hydroélectricité;Electricité;0.0;0.0;35;237
Renac;35237;PAC (aérothermie et géothermie);Chaleur;1002.0;1403.0;35;237
Renac;35237;Solaire PV;Electricité;857.0;690.0;35;237
Renac;35237;Solaire thermique;Chaleur;17.0;20.0;35;237
Rennes;35238;Bois énergie chaufferies;Chaleur;22134.0;9139.0;35;238
Rennes;35238;Bois énergie domestique;Chaleur;53237.0;66397.0;35;238
Rennes;35238;Fossile;Chaleur;16008.0;7061.0;35;238
Rennes;35238;Fossile;Electricité;14229.0;6277.0;35;238
Rennes;35238;Hydroélectricité;Electricité;0.0;0.0;35;238
Rennes;35238;Méthanisation;Chaleur;447.0;528.0;35;238
Rennes;35238;Méthanisation;Electricité;373.0;440.0;35;238
Rennes;35238;PAC (aérothermie et géothermie);Chaleur;30747.0;43023.0;35;238
Rennes;35238;Solaire PV;Electricité;1512.0;2771.0;35;238
Rennes;35238;Solaire thermique;Chaleur;509.0;710.0;35;238
Rennes;35238;Uiom;Chaleur;0.0;49500.0;35;238
Rennes;35238;Uiom;Electricité;0.0;7800.0;35;238
Retiers;35239;Bois énergie chaufferies;Chaleur;2099.0;1560.0;35;239
Retiers;35239;Bois énergie domestique;Chaleur;6612.0;8246.0;35;239
Retiers;35239;Éolien terrestre;Electricité;11674.0;6900.0;35;239
Retiers;35239;Fossile;Chaleur;0.0;0.0;35;239
Retiers;35239;Fossile;Electricité;0.0;0.0;35;239
Retiers;35239;Hydroélectricité;Electricité;0.0;0.0;35;239
Retiers;35239;Méthanisation;Chaleur;1861.0;244.0;35;239
Retiers;35239;Méthanisation;Electricité;1526.0;200.0;35;239
Retiers;35239;PAC (aérothermie et géothermie);Chaleur;3153.0;4412.0;35;239
Retiers;35239;Solaire PV;Electricité;782.0;1022.0;35;239
Retiers;35239;Solaire thermique;Chaleur;52.0;70.0;35;239
Le Rheu;35240;Bois énergie chaufferies;Chaleur;3408.0;1700.0;35;240
Le Rheu;35240;Bois énergie domestique;Chaleur;6628.0;8267.0;35;240
Le Rheu;35240;Éolien terrestre;Electricité;30.0;20.0;35;240
Le Rheu;35240;Hydroélectricité;Electricité;0.0;0.0;35;240
Le Rheu;35240;Méthanisation;Chaleur;280.0;40.0;35;240
Le Rheu;35240;PAC (aérothermie et géothermie);Chaleur;3737.0;5229.0;35;240
Le Rheu;35240;Solaire PV;Electricité;336.0;608.0;35;240
Le Rheu;35240;Solaire thermique;Chaleur;62.0;90.0;35;240
La Richardais;35241;Barrage de la Rance;Electricité;504049.0;240000.0;35;241
La Richardais;35241;Bois énergie domestique;Chaleur;3582.0;4467.0;35;241
La Richardais;35241;Hydroélectricité;Electricité;0.0;0.0;35;241
La Richardais;35241;PAC (aérothermie et géothermie);Chaleur;2360.0;3302.0;35;241
La Richardais;35241;Solaire PV;Electricité;61.0;248.0;35;241
La Richardais;35241;Solaire thermique;Chaleur;39.0;50.0;35;241
Rimou;35242;Bois énergie domestique;Chaleur;725.0;905.0;35;242
Rimou;35242;Hydroélectricité;Electricité;0.0;0.0;35;242
Rimou;35242;PAC (aérothermie et géothermie);Chaleur;413.0;578.0;35;242
Rimou;35242;Solaire thermique;Chaleur;7.0;10.0;35;242
Romagné;35243;Bois énergie domestique;Chaleur;3851.0;4802.0;35;243
Romagné;35243;Hydroélectricité;Electricité;0.0;0.0;35;243
Romagné;35243;PAC (aérothermie et géothermie);Chaleur;1784.0;2496.0;35;243
Romagné;35243;Solaire PV;Electricité;702.0;864.0;35;243
Romagné;35243;Solaire thermique;Chaleur;30.0;40.0;35;243
Romazy;35244;Bois énergie domestique;Chaleur;444.0;553.0;35;244
Romazy;35244;Hydroélectricité;Electricité;0.0;0.0;35;244
Romazy;35244;PAC (aérothermie et géothermie);Chaleur;243.0;340.0;35;244
Romazy;35244;Solaire thermique;Chaleur;4.0;10.0;35;244
Romillé;35245;Bois énergie chaufferies;Chaleur;347.0;175.0;35;245
Romillé;35245;Bois énergie domestique;Chaleur;5680.0;7084.0;35;245
Romillé;35245;Hydroélectricité;Electricité;0.0;0.0;35;245
Romillé;35245;PAC (aérothermie et géothermie);Chaleur;2591.0;3626.0;35;245
Romillé;35245;Solaire PV;Electricité;1028.0;1182.0;35;245
Romillé;35245;Solaire thermique;Chaleur;43.0;60.0;35;245
Roz-Landrieux;35246;Bois énergie domestique;Chaleur;2267.0;2828.0;35;246
Roz-Landrieux;35246;Hydroélectricité;Electricité;0.0;0.0;35;246
Roz-Landrieux;35246;PAC (aérothermie et géothermie);Chaleur;1138.0;1592.0;35;246
Roz-Landrieux;35246;Solaire PV;Electricité;238.0;225.0;35;246
Roz-Landrieux;35246;Solaire thermique;Chaleur;19.0;30.0;35;246
Roz-sur-Couesnon;35247;Bois énergie domestique;Chaleur;2174.0;2712.0;35;247
Roz-sur-Couesnon;35247;Hydroélectricité;Electricité;0.0;0.0;35;247
Roz-sur-Couesnon;35247;PAC (aérothermie et géothermie);Chaleur;1159.0;1621.0;35;247
Roz-sur-Couesnon;35247;Solaire PV;Electricité;101.0;96.0;35;247
Roz-sur-Couesnon;35247;Solaire thermique;Chaleur;19.0;30.0;35;247
Sains;35248;Bois énergie domestique;Chaleur;1079.0;1346.0;35;248
Sains;35248;Hydroélectricité;Electricité;0.0;0.0;35;248
Sains;35248;PAC (aérothermie et géothermie);Chaleur;547.0;766.0;35;248
Sains;35248;Solaire PV;Electricité;69.0;112.0;35;248
Sains;35248;Solaire thermique;Chaleur;9.0;10.0;35;248
Sainte-Anne-sur-Vilaine;35249;Bois énergie domestique;Chaleur;2077.0;2590.0;35;249
Sainte-Anne-sur-Vilaine;35249;Hydroélectricité;Electricité;0.0;0.0;35;249
Sainte-Anne-sur-Vilaine;35249;PAC (aérothermie et géothermie);Chaleur;1041.0;1456.0;35;249
Sainte-Anne-sur-Vilaine;35249;Solaire PV;Electricité;247.0;235.0;35;249
Sainte-Anne-sur-Vilaine;35249;Solaire thermique;Chaleur;17.0;20.0;35;249
Saint-Armel;35250;Bois énergie domestique;Chaleur;2664.0;3323.0;35;250
Saint-Armel;35250;Hydroélectricité;Electricité;0.0;0.0;35;250
Saint-Armel;35250;PAC (aérothermie et géothermie);Chaleur;1206.0;1687.0;35;250
Saint-Armel;35250;Solaire PV;Electricité;176.0;255.0;35;250
Saint-Armel;35250;Solaire thermique;Chaleur;20.0;30.0;35;250
Saint-Aubin-d'Aubigné;35251;Bois énergie domestique;Chaleur;5090.0;6348.0;35;251
Saint-Aubin-d'Aubigné;35251;Hydroélectricité;Electricité;0.0;0.0;35;251
Saint-Aubin-d'Aubigné;35251;Méthanisation;Biométhane;8601.4;612.0;35;251
Saint-Aubin-d'Aubigné;35251;PAC (aérothermie et géothermie);Chaleur;2342.0;3277.0;35;251
Saint-Aubin-d'Aubigné;35251;Solaire PV;Electricité;1007.0;2975.0;35;251
Saint-Aubin-d'Aubigné;35251;Solaire thermique;Chaleur;39.0;50.0;35;251
Saint-Aubin-des-Landes;35252;Bois énergie domestique;Chaleur;1537.0;1917.0;35;252
Saint-Aubin-des-Landes;35252;Hydroélectricité;Electricité;0.0;0.0;35;252
Saint-Aubin-des-Landes;35252;PAC (aérothermie et géothermie);Chaleur;692.0;969.0;35;252
Saint-Aubin-des-Landes;35252;Solaire PV;Electricité;187.0;165.0;35;252
Saint-Aubin-des-Landes;35252;Solaire thermique;Chaleur;12.0;20.0;35;252
Saint-Aubin-du-Cormier;35253;Bois énergie chaufferies;Chaleur;1495.0;980.0;35;253
Saint-Aubin-du-Cormier;35253;Bois énergie domestique;Chaleur;5116.0;6380.0;35;253
Saint-Aubin-du-Cormier;35253;Hydroélectricité;Electricité;0.0;0.0;35;253
Saint-Aubin-du-Cormier;35253;PAC (aérothermie et géothermie);Chaleur;2356.0;3296.0;35;253
Saint-Aubin-du-Cormier;35253;Solaire PV;Electricité;300.0;371.0;35;253
Saint-Aubin-du-Cormier;35253;Solaire thermique;Chaleur;39.0;50.0;35;253
Saint-Benoît-des-Ondes;35255;Bois énergie domestique;Chaleur;1860.0;2320.0;35;255
Saint-Benoît-des-Ondes;35255;Hydroélectricité;Electricité;0.0;0.0;35;255
Saint-Benoît-des-Ondes;35255;PAC (aérothermie et géothermie);Chaleur;1001.0;1400.0;35;255
Saint-Benoît-des-Ondes;35255;Solaire PV;Electricité;138.0;132.0;35;255
Saint-Benoît-des-Ondes;35255;Solaire thermique;Chaleur;17.0;20.0;35;255
Saint-Briac-sur-Mer;35256;Bois énergie domestique;Chaleur;4314.0;5381.0;35;256
Saint-Briac-sur-Mer;35256;Hydroélectricité;Electricité;0.0;0.0;35;256
Saint-Briac-sur-Mer;35256;PAC (aérothermie et géothermie);Chaleur;4529.0;6338.0;35;256
Saint-Briac-sur-Mer;35256;Solaire PV;Electricité;52.0;94.0;35;256
Saint-Briac-sur-Mer;35256;Solaire thermique;Chaleur;75.0;100.0;35;256
Maen Roch;35257;Bois énergie chaufferies;Chaleur;2777.0;1303.0;35;257
Maen Roch;35257;Bois énergie domestique;Chaleur;8668.0;10811.0;35;257
Maen Roch;35257;Hydroélectricité;Electricité;0.0;0.0;35;257
Maen Roch;35257;Méthanisation;Biométhane;6338.1;1224.0;35;257
Maen Roch;35257;PAC (aérothermie et géothermie);Chaleur;3676.0;5143.0;35;257
Maen Roch;35257;Solaire PV;Electricité;581.0;794.0;35;257
Maen Roch;35257;Solaire thermique;Chaleur;61.0;90.0;35;257
Saint-Brieuc-des-Iffs;35258;Bois énergie domestique;Chaleur;529.0;659.0;35;258
Saint-Brieuc-des-Iffs;35258;Hydroélectricité;Electricité;0.0;0.0;35;258
Saint-Brieuc-des-Iffs;35258;PAC (aérothermie et géothermie);Chaleur;249.0;349.0;35;258
Saint-Brieuc-des-Iffs;35258;Solaire PV;Electricité;363.0;340.0;35;258
Saint-Brieuc-des-Iffs;35258;Solaire thermique;Chaleur;4.0;10.0;35;258
Saint-Broladre;35259;Bois énergie chaufferies;Chaleur;657.0;350.0;35;259
Saint-Broladre;35259;Bois énergie domestique;Chaleur;2138.0;2666.0;35;259
Saint-Broladre;35259;Hydroélectricité;Electricité;0.0;0.0;35;259
Saint-Broladre;35259;PAC (aérothermie et géothermie);Chaleur;987.0;1381.0;35;259
Saint-Broladre;35259;Solaire PV;Electricité;32.0;54.0;35;259
Saint-Broladre;35259;Solaire thermique;Chaleur;16.0;20.0;35;259
Saint-Christophe-des-Bois;35260;Bois énergie domestique;Chaleur;943.0;1176.0;35;260
Saint-Christophe-des-Bois;35260;Hydroélectricité;Electricité;0.0;0.0;35;260
Saint-Christophe-des-Bois;35260;PAC (aérothermie et géothermie);Chaleur;454.0;635.0;35;260
Saint-Christophe-des-Bois;35260;Solaire PV;Electricité;53.0;46.0;35;260
Saint-Christophe-des-Bois;35260;Solaire thermique;Chaleur;8.0;10.0;35;260
Saint-Christophe-de-Valains;35261;Bois énergie domestique;Chaleur;389.0;485.0;35;261
Saint-Christophe-de-Valains;35261;Hydroélectricité;Electricité;0.0;0.0;35;261
Saint-Christophe-de-Valains;35261;PAC (aérothermie et géothermie);Chaleur;188.0;264.0;35;261
Saint-Christophe-de-Valains;35261;Solaire thermique;Chaleur;3.0;0.0;35;261
Sainte-Colombe;35262;Bois énergie chaufferies;Chaleur;108.0;110.0;35;262
Sainte-Colombe;35262;Bois énergie domestique;Chaleur;569.0;710.0;35;262
Sainte-Colombe;35262;Hydroélectricité;Electricité;0.0;0.0;35;262
Sainte-Colombe;35262;PAC (aérothermie et géothermie);Chaleur;260.0;364.0;35;262
Sainte-Colombe;35262;Solaire PV;Electricité;285.0;275.0;35;262
Sainte-Colombe;35262;Solaire thermique;Chaleur;4.0;10.0;35;262
Saint-Coulomb;35263;Bois énergie domestique;Chaleur;5374.0;6702.0;35;263
Saint-Coulomb;35263;Hydroélectricité;Electricité;0.0;0.0;35;263
Saint-Coulomb;35263;PAC (aérothermie et géothermie);Chaleur;3121.0;4367.0;35;263
Saint-Coulomb;35263;Solaire PV;Electricité;74.0;87.0;35;263
Saint-Coulomb;35263;Solaire thermique;Chaleur;52.0;70.0;35;263
Saint-Didier;35264;Bois énergie domestique;Chaleur;2413.0;3010.0;35;264
Saint-Didier;35264;Hydroélectricité;Electricité;0.0;0.0;35;264
Saint-Didier;35264;PAC (aérothermie et géothermie);Chaleur;1315.0;1840.0;35;264
Saint-Didier;35264;Solaire PV;Electricité;134.0;150.0;35;264
Saint-Didier;35264;Solaire thermique;Chaleur;22.0;30.0;35;264
Saint-Domineuc;35265;Bois énergie domestique;Chaleur;4005.0;4995.0;35;265
Saint-Domineuc;35265;Hydroélectricité;Electricité;0.0;0.0;35;265
Saint-Domineuc;35265;Méthanisation;Biométhane;13352.6;1530.0;35;265
Saint-Domineuc;35265;PAC (aérothermie et géothermie);Chaleur;1875.0;2623.0;35;265
Saint-Domineuc;35265;Solaire PV;Electricité;317.0;363.0;35;265
Saint-Domineuc;35265;Solaire thermique;Chaleur;31.0;40.0;35;265
Saint-Erblon;35266;Bois énergie domestique;Chaleur;3072.0;3832.0;35;266
Saint-Erblon;35266;Fossile;Chaleur;0.0;0.0;35;266
Saint-Erblon;35266;Fossile;Electricité;0.0;0.0;35;266
Saint-Erblon;35266;Hydroélectricité;Electricité;0.0;0.0;35;266
Saint-Erblon;35266;PAC (aérothermie et géothermie);Chaleur;1686.0;2360.0;35;266
Saint-Erblon;35266;Solaire PV;Electricité;160.0;153.0;35;266
Saint-Erblon;35266;Solaire thermique;Chaleur;28.0;40.0;35;266
Saint-Ganton;35268;Bois énergie domestique;Chaleur;858.0;1070.0;35;268
Saint-Ganton;35268;Hydroélectricité;Electricité;0.0;0.0;35;268
Saint-Ganton;35268;PAC (aérothermie et géothermie);Chaleur;405.0;566.0;35;268
Saint-Ganton;35268;Solaire thermique;Chaleur;7.0;10.0;35;268
Saint-Georges-de-Gréhaigne;35270;Bois énergie domestique;Chaleur;817.0;1019.0;35;270
Saint-Georges-de-Gréhaigne;35270;Hydroélectricité;Electricité;0.0;0.0;35;270
Saint-Georges-de-Gréhaigne;35270;PAC (aérothermie et géothermie);Chaleur;393.0;550.0;35;270
Saint-Georges-de-Gréhaigne;35270;Solaire PV;Electricité;94.0;84.0;35;270
Saint-Georges-de-Gréhaigne;35270;Solaire thermique;Chaleur;7.0;10.0;35;270
Saint-Georges-de-Reintembault;35271;Bois énergie chaufferies;Chaleur;192.0;160.0;35;271
Saint-Georges-de-Reintembault;35271;Bois énergie domestique;Chaleur;2754.0;3435.0;35;271
Saint-Georges-de-Reintembault;35271;Hydroélectricité;Electricité;0.0;0.0;35;271
Saint-Georges-de-Reintembault;35271;PAC (aérothermie et géothermie);Chaleur;1364.0;1908.0;35;271
Saint-Georges-de-Reintembault;35271;Solaire PV;Electricité;710.0;695.0;35;271
Saint-Georges-de-Reintembault;35271;Solaire thermique;Chaleur;23.0;30.0;35;271
Saint-Germain-du-Pinel;35272;Bois énergie domestique;Chaleur;1518.0;1893.0;35;272
Saint-Germain-du-Pinel;35272;Hydroélectricité;Electricité;0.0;0.0;35;272
Saint-Germain-du-Pinel;35272;PAC (aérothermie et géothermie);Chaleur;701.0;980.0;35;272
Saint-Germain-du-Pinel;35272;Solaire PV;Electricité;110.0;129.0;35;272
Saint-Germain-du-Pinel;35272;Solaire thermique;Chaleur;12.0;20.0;35;272
Saint-Germain-en-Coglès;35273;Bois énergie chaufferies;Chaleur;139.0;125.0;35;273
Saint-Germain-en-Coglès;35273;Bois énergie domestique;Chaleur;3379.0;4215.0;35;273
Saint-Germain-en-Coglès;35273;Hydroélectricité;Electricité;0.0;0.0;35;273
Saint-Germain-en-Coglès;35273;PAC (aérothermie et géothermie);Chaleur;1637.0;2290.0;35;273
Saint-Germain-en-Coglès;35273;Solaire PV;Electricité;475.0;458.0;35;273
Saint-Germain-en-Coglès;35273;Solaire thermique;Chaleur;27.0;40.0;35;273
Saint-Germain-sur-Ille;35274;Bois énergie chaufferies;Chaleur;515.0;300.0;35;274
Saint-Germain-sur-Ille;35274;Bois énergie domestique;Chaleur;1395.0;1739.0;35;274
Saint-Germain-sur-Ille;35274;Hydroélectricité;Electricité;0.0;0.0;35;274
Saint-Germain-sur-Ille;35274;Méthanisation;Chaleur;654.0;108.0;35;274
Saint-Germain-sur-Ille;35274;Méthanisation;Electricité;479.0;79.0;35;274
Saint-Germain-sur-Ille;35274;PAC (aérothermie et géothermie);Chaleur;638.0;893.0;35;274
Saint-Germain-sur-Ille;35274;Solaire PV;Electricité;175.0;187.0;35;274
Saint-Germain-sur-Ille;35274;Solaire thermique;Chaleur;11.0;10.0;35;274
Saint-Gilles;35275;Bois énergie domestique;Chaleur;6233.0;7774.0;35;275
Saint-Gilles;35275;Hydroélectricité;Electricité;0.0;0.0;35;275
Saint-Gilles;35275;Méthanisation;Biométhane;8011.9;918.0;35;275
Saint-Gilles;35275;PAC (aérothermie et géothermie);Chaleur;2773.0;3880.0;35;275
Saint-Gilles;35275;Solaire PV;Electricité;1435.0;1463.0;35;275
Saint-Gilles;35275;Solaire thermique;Chaleur;46.0;60.0;35;275
Saint-Gondran;35276;Bois énergie domestique;Chaleur;942.0;1175.0;35;276
Saint-Gondran;35276;Hydroélectricité;Electricité;0.0;0.0;35;276
Saint-Gondran;35276;PAC (aérothermie et géothermie);Chaleur;435.0;608.0;35;276
Saint-Gondran;35276;Solaire thermique;Chaleur;7.0;10.0;35;276
Saint-Gonlay;35277;Bois énergie domestique;Chaleur;622.0;775.0;35;277
Saint-Gonlay;35277;Hydroélectricité;Electricité;0.0;0.0;35;277
Saint-Gonlay;35277;Méthanisation;Biométhane;0.0;0.0;35;277
Saint-Gonlay;35277;PAC (aérothermie et géothermie);Chaleur;312.0;437.0;35;277
Saint-Gonlay;35277;Solaire thermique;Chaleur;5.0;10.0;35;277
Saint-Grégoire;35278;Bois énergie domestique;Chaleur;8603.0;10730.0;35;278
Saint-Grégoire;35278;Fossile;Chaleur;912.0;277.0;35;278
Saint-Grégoire;35278;Fossile;Electricité;810.0;246.0;35;278
Saint-Grégoire;35278;Hydroélectricité;Electricité;0.0;0.0;35;278
Saint-Grégoire;35278;PAC (aérothermie et géothermie);Chaleur;4814.0;6737.0;35;278
Saint-Grégoire;35278;Solaire PV;Electricité;326.0;423.0;35;278
Saint-Grégoire;35278;Solaire thermique;Chaleur;80.0;110.0;35;278
Saint-Guinoux;35279;Bois énergie domestique;Chaleur;1935.0;2413.0;35;279
Saint-Guinoux;35279;Hydroélectricité;Electricité;0.0;0.0;35;279
Saint-Guinoux;35279;PAC (aérothermie et géothermie);Chaleur;904.0;1265.0;35;279
Saint-Guinoux;35279;Solaire PV;Electricité;145.0;145.0;35;279
Saint-Guinoux;35279;Solaire thermique;Chaleur;15.0;20.0;35;279
Saint-Hilaire-des-Landes;35280;Bois énergie chaufferies;Chaleur;76.0;60.0;35;280
Saint-Hilaire-des-Landes;35280;Bois énergie domestique;Chaleur;1816.0;2265.0;35;280
Saint-Hilaire-des-Landes;35280;Hydroélectricité;Electricité;0.0;0.0;35;280
Saint-Hilaire-des-Landes;35280;PAC (aérothermie et géothermie);Chaleur;888.0;1243.0;35;280
Saint-Hilaire-des-Landes;35280;Solaire PV;Electricité;192.0;224.0;35;280
Saint-Hilaire-des-Landes;35280;Solaire thermique;Chaleur;15.0;20.0;35;280
Saint-Jacques-de-la-Lande;35281;Bois énergie chaufferies;Chaleur;485.0;340.0;35;281
Saint-Jacques-de-la-Lande;35281;Bois énergie domestique;Chaleur;6035.0;7527.0;35;281
Saint-Jacques-de-la-Lande;35281;Hydroélectricité;Electricité;0.0;0.0;35;281
Saint-Jacques-de-la-Lande;35281;PAC (aérothermie et géothermie);Chaleur;3296.0;4612.0;35;281
Saint-Jacques-de-la-Lande;35281;Solaire PV;Electricité;226.0;320.0;35;281
Saint-Jacques-de-la-Lande;35281;Solaire thermique;Chaleur;55.0;80.0;35;281
Rives-du-Couesnon;35282;Bois énergie chaufferies;Chaleur;120.0;55.0;35;282
Rives-du-Couesnon;35282;Bois énergie domestique;Chaleur;4736.0;5906.0;35;282
Rives-du-Couesnon;35282;Hydroélectricité;Electricité;0.0;0.0;35;282
Rives-du-Couesnon;35282;PAC (aérothermie et géothermie);Chaleur;2284.0;3195.0;35;282
Rives-du-Couesnon;35282;Solaire PV;Electricité;1063.0;986.0;35;282
Rives-du-Couesnon;35282;Solaire thermique;Chaleur;38.0;50.0;35;282
Saint-Jean-sur-Vilaine;35283;Bois énergie domestique;Chaleur;1933.0;2411.0;35;283
Saint-Jean-sur-Vilaine;35283;Hydroélectricité;Electricité;0.0;0.0;35;283
Saint-Jean-sur-Vilaine;35283;PAC (aérothermie et géothermie);Chaleur;882.0;1234.0;35;283
Saint-Jean-sur-Vilaine;35283;Solaire PV;Electricité;95.0;127.0;35;283
Saint-Jean-sur-Vilaine;35283;Solaire thermique;Chaleur;15.0;20.0;35;283
Saint-Jouan-des-Guérets;35284;Bois énergie chaufferies;Chaleur;1943.0;500.0;35;284
Saint-Jouan-des-Guérets;35284;Bois énergie domestique;Chaleur;4066.0;5071.0;35;284
Saint-Jouan-des-Guérets;35284;Hydroélectricité;Electricité;0.0;0.0;35;284
Saint-Jouan-des-Guérets;35284;PAC (aérothermie et géothermie);Chaleur;1936.0;2709.0;35;284
Saint-Jouan-des-Guérets;35284;Solaire PV;Electricité;263.0;243.0;35;284
Saint-Jouan-des-Guérets;35284;Solaire thermique;Chaleur;32.0;40.0;35;284
Saint-Just;35285;Bois énergie domestique;Chaleur;2331.0;2908.0;35;285
Saint-Just;35285;Hydroélectricité;Electricité;0.0;0.0;35;285
Saint-Just;35285;PAC (aérothermie et géothermie);Chaleur;1093.0;1529.0;35;285
Saint-Just;35285;Solaire PV;Electricité;391.0;406.0;35;285
Saint-Just;35285;Solaire thermique;Chaleur;18.0;30.0;35;285
Saint-Léger-des-Prés;35286;Bois énergie domestique;Chaleur;522.0;652.0;35;286
Saint-Léger-des-Prés;35286;Hydroélectricité;Electricité;0.0;0.0;35;286
Saint-Léger-des-Prés;35286;PAC (aérothermie et géothermie);Chaleur;240.0;336.0;35;286
Saint-Léger-des-Prés;35286;Solaire PV;Electricité;235.0;196.0;35;286
Saint-Léger-des-Prés;35286;Solaire thermique;Chaleur;4.0;10.0;35;286
Saint-Lunaire;35287;Bois énergie chaufferies;Chaleur;143.0;100.0;35;287
Saint-Lunaire;35287;Bois énergie domestique;Chaleur;4232.0;5278.0;35;287
Saint-Lunaire;35287;Hydroélectricité;Electricité;0.0;0.0;35;287
Saint-Lunaire;35287;PAC (aérothermie et géothermie);Chaleur;4302.0;6020.0;35;287
Saint-Lunaire;35287;Solaire PV;Electricité;64.0;91.0;35;287
Saint-Lunaire;35287;Solaire thermique;Chaleur;71.0;100.0;35;287
Saint-Malo;35288;Bois énergie chaufferies;Chaleur;20702.0;16950.0;35;288
Saint-Malo;35288;Bois énergie domestique;Chaleur;34599.0;43152.0;35;288
Saint-Malo;35288;Fossile;Chaleur;2281.0;1124.0;35;288
Saint-Malo;35288;Fossile;Electricité;2028.0;999.0;35;288
Saint-Malo;35288;Hydroélectricité;Electricité;0.0;0.0;35;288
Saint-Malo;35288;Méthanisation;Biométhane;0.0;0.0;35;288
Saint-Malo;35288;PAC (aérothermie et géothermie);Chaleur;24495.0;34275.0;35;288
Saint-Malo;35288;Solaire PV;Electricité;1538.0;1862.0;35;288
Saint-Malo;35288;Solaire thermique;Chaleur;406.0;570.0;35;288
Saint-Malo-de-Phily;35289;Bois énergie domestique;Chaleur;1758.0;2193.0;35;289
Saint-Malo-de-Phily;35289;Hydroélectricité;Electricité;0.0;0.0;35;289
Saint-Malo-de-Phily;35289;PAC (aérothermie et géothermie);Chaleur;900.0;1260.0;35;289
Saint-Malo-de-Phily;35289;Solaire PV;Electricité;54.0;72.0;35;289
Saint-Malo-de-Phily;35289;Solaire thermique;Chaleur;15.0;20.0;35;289
Saint-Malon-sur-Mel;35290;Bois énergie domestique;Chaleur;1013.0;1263.0;35;290
Saint-Malon-sur-Mel;35290;Hydroélectricité;Electricité;0.0;0.0;35;290
Saint-Malon-sur-Mel;35290;PAC (aérothermie et géothermie);Chaleur;528.0;739.0;35;290
Saint-Malon-sur-Mel;35290;Solaire PV;Electricité;70.0;350.0;35;290
Saint-Malon-sur-Mel;35290;Solaire thermique;Chaleur;9.0;10.0;35;290
Saint-Marcan;35291;Bois énergie domestique;Chaleur;960.0;1197.0;35;291
Saint-Marcan;35291;Hydroélectricité;Electricité;0.0;0.0;35;291
Saint-Marcan;35291;PAC (aérothermie et géothermie);Chaleur;479.0;670.0;35;291
Saint-Marcan;35291;Solaire thermique;Chaleur;8.0;10.0;35;291
Saint-Marc-le-Blanc;35292;Bois énergie domestique;Chaleur;3368.0;4200.0;35;292
Saint-Marc-le-Blanc;35292;Hydroélectricité;Electricité;0.0;0.0;35;292
Saint-Marc-le-Blanc;35292;PAC (aérothermie et géothermie);Chaleur;1539.0;2153.0;35;292
Saint-Marc-le-Blanc;35292;Solaire PV;Electricité;248.0;236.0;35;292
Saint-Marc-le-Blanc;35292;Solaire thermique;Chaleur;26.0;40.0;35;292
Sainte-Marie;35294;Bois énergie domestique;Chaleur;4569.0;5698.0;35;294
Sainte-Marie;35294;Éolien terrestre;Electricité;0.0;1250.0;35;294
Sainte-Marie;35294;Hydroélectricité;Electricité;0.0;0.0;35;294
Sainte-Marie;35294;PAC (aérothermie et géothermie);Chaleur;1937.0;2711.0;35;294
Sainte-Marie;35294;Solaire PV;Electricité;822.0;1008.0;35;294
Sainte-Marie;35294;Solaire thermique;Chaleur;32.0;40.0;35;294
Saint-Maugan;35295;Bois énergie domestique;Chaleur;896.0;1118.0;35;295
Saint-Maugan;35295;Hydroélectricité;Electricité;0.0;0.0;35;295
Saint-Maugan;35295;PAC (aérothermie et géothermie);Chaleur;419.0;587.0;35;295
Saint-Maugan;35295;Solaire PV;Electricité;69.0;79.0;35;295
Saint-Maugan;35295;Solaire thermique;Chaleur;7.0;10.0;35;295
Saint-Médard-sur-Ille;35296;Bois énergie domestique;Chaleur;2139.0;2668.0;35;296
Saint-Médard-sur-Ille;35296;Hydroélectricité;Electricité;0.0;0.0;35;296
Saint-Médard-sur-Ille;35296;PAC (aérothermie et géothermie);Chaleur;1046.0;1463.0;35;296
Saint-Médard-sur-Ille;35296;Solaire PV;Electricité;126.0;191.0;35;296
Saint-Médard-sur-Ille;35296;Solaire thermique;Chaleur;17.0;20.0;35;296
Saint-Méen-le-Grand;35297;Bois énergie domestique;Chaleur;6860.0;8556.0;35;297
Saint-Méen-le-Grand;35297;Hydroélectricité;Electricité;0.0;0.0;35;297
Saint-Méen-le-Grand;35297;PAC (aérothermie et géothermie);Chaleur;2969.0;4155.0;35;297
Saint-Méen-le-Grand;35297;Solaire PV;Electricité;245.0;337.0;35;297
Saint-Méen-le-Grand;35297;Solaire thermique;Chaleur;49.0;70.0;35;297
Saint-Méloir-des-Ondes;35299;Bois énergie chaufferies;Chaleur;215.0;140.0;35;299
Saint-Méloir-des-Ondes;35299;Bois énergie domestique;Chaleur;6802.0;8483.0;35;299
Saint-Méloir-des-Ondes;35299;Hydroélectricité;Electricité;0.0;0.0;35;299
Saint-Méloir-des-Ondes;35299;PAC (aérothermie et géothermie);Chaleur;3291.0;4604.0;35;299
Saint-Méloir-des-Ondes;35299;Solaire PV;Electricité;264.0;264.0;35;299
Saint-Méloir-des-Ondes;35299;Solaire thermique;Chaleur;55.0;80.0;35;299
Saint-M'Hervé;35300;Bois énergie domestique;Chaleur;2241.0;2795.0;35;300
Saint-M'Hervé;35300;Hydroélectricité;Electricité;0.0;0.0;35;300
Saint-M'Hervé;35300;PAC (aérothermie et géothermie);Chaleur;1068.0;1494.0;35;300
Saint-M'Hervé;35300;Solaire PV;Electricité;400.0;519.0;35;300
Saint-M'Hervé;35300;Solaire thermique;Chaleur;18.0;20.0;35;300
Saint-Onen-la-Chapelle;35302;Bois énergie domestique;Chaleur;2095.0;2613.0;35;302
Saint-Onen-la-Chapelle;35302;Hydroélectricité;Electricité;0.0;0.0;35;302
Saint-Onen-la-Chapelle;35302;PAC (aérothermie et géothermie);Chaleur;823.0;1152.0;35;302
Saint-Onen-la-Chapelle;35302;Solaire PV;Electricité;857.0;858.0;35;302
Saint-Onen-la-Chapelle;35302;Solaire thermique;Chaleur;14.0;20.0;35;302
Saint-Ouen-des-Alleux;35304;Bois énergie domestique;Chaleur;2270.0;2831.0;35;304
Saint-Ouen-des-Alleux;35304;Hydroélectricité;Electricité;0.0;0.0;35;304
Saint-Ouen-des-Alleux;35304;PAC (aérothermie et géothermie);Chaleur;1075.0;1504.0;35;304
Saint-Ouen-des-Alleux;35304;Solaire PV;Electricité;154.0;163.0;35;304
Saint-Ouen-des-Alleux;35304;Solaire thermique;Chaleur;18.0;20.0;35;304
Saint-Péran;35305;Bois énergie domestique;Chaleur;717.0;894.0;35;305
Saint-Péran;35305;Hydroélectricité;Electricité;0.0;0.0;35;305
Saint-Péran;35305;PAC (aérothermie et géothermie);Chaleur;330.0;462.0;35;305
Saint-Péran;35305;Solaire PV;Electricité;88.0;242.0;35;305
Saint-Péran;35305;Solaire thermique;Chaleur;6.0;10.0;35;305
Saint-Père-Marc-en-Poulet;35306;Bois énergie domestique;Chaleur;3884.0;4844.0;35;306
Saint-Père-Marc-en-Poulet;35306;Hydroélectricité;Electricité;0.0;0.0;35;306
Saint-Père-Marc-en-Poulet;35306;PAC (aérothermie et géothermie);Chaleur;1836.0;2569.0;35;306
Saint-Père-Marc-en-Poulet;35306;Solaire PV;Electricité;189.0;237.0;35;306
Saint-Père-Marc-en-Poulet;35306;Solaire thermique;Chaleur;30.0;40.0;35;306
Saint-Pern;35307;Bois énergie chaufferies;Chaleur;2382.0;1300.0;35;307
Saint-Pern;35307;Bois énergie domestique;Chaleur;1429.0;1782.0;35;307
Saint-Pern;35307;Hydroélectricité;Electricité;0.0;0.0;35;307
Saint-Pern;35307;PAC (aérothermie et géothermie);Chaleur;671.0;939.0;35;307
Saint-Pern;35307;Solaire PV;Electricité;585.0;729.0;35;307
Saint-Pern;35307;Solaire thermique;Chaleur;11.0;20.0;35;307
Mesnil-Roc'h;35308;Bois énergie domestique;Chaleur;7361.0;9181.0;35;308
Mesnil-Roc'h;35308;Hydroélectricité;Electricité;0.0;0.0;35;308
Mesnil-Roc'h;35308;PAC (aérothermie et géothermie);Chaleur;3664.0;5127.0;35;308
Mesnil-Roc'h;35308;Solaire PV;Electricité;516.0;632.0;35;308
Mesnil-Roc'h;35308;Solaire thermique;Chaleur;61.0;80.0;35;308
Saint-Rémy-du-Plain;35309;Bois énergie domestique;Chaleur;1367.0;1705.0;35;309
Saint-Rémy-du-Plain;35309;Hydroélectricité;Electricité;0.0;0.0;35;309
Saint-Rémy-du-Plain;35309;Méthanisation;Chaleur;333.0;44.0;35;309
Saint-Rémy-du-Plain;35309;Méthanisation;Electricité;325.0;43.0;35;309
Saint-Rémy-du-Plain;35309;PAC (aérothermie et géothermie);Chaleur;655.0;917.0;35;309
Saint-Rémy-du-Plain;35309;Solaire PV;Electricité;665.0;792.0;35;309
Saint-Rémy-du-Plain;35309;Solaire thermique;Chaleur;11.0;20.0;35;309
Saint-Sauveur-des-Landes;35310;Bois énergie chaufferies;Chaleur;2490.0;1200.0;35;310
Saint-Sauveur-des-Landes;35310;Bois énergie domestique;Chaleur;2174.0;2712.0;35;310
Saint-Sauveur-des-Landes;35310;Hydroélectricité;Electricité;0.0;0.0;35;310
Saint-Sauveur-des-Landes;35310;PAC (aérothermie et géothermie);Chaleur;1008.0;1411.0;35;310
Saint-Sauveur-des-Landes;35310;Solaire PV;Electricité;543.0;500.0;35;310
Saint-Sauveur-des-Landes;35310;Solaire thermique;Chaleur;17.0;20.0;35;310
Saint-Séglin;35311;Bois énergie domestique;Chaleur;1089.0;1358.0;35;311
Saint-Séglin;35311;Hydroélectricité;Electricité;0.0;0.0;35;311
Saint-Séglin;35311;PAC (aérothermie et géothermie);Chaleur;586.0;821.0;35;311
Saint-Séglin;35311;Solaire PV;Electricité;138.0;133.0;35;311
Saint-Séglin;35311;Solaire thermique;Chaleur;10.0;10.0;35;311
Saint-Senoux;35312;Bois énergie domestique;Chaleur;3101.0;3868.0;35;312
Saint-Senoux;35312;Hydroélectricité;Electricité;0.0;0.0;35;312
Saint-Senoux;35312;PAC (aérothermie et géothermie);Chaleur;1550.0;2169.0;35;312
Saint-Senoux;35312;Solaire PV;Electricité;141.0;171.0;35;312
Saint-Senoux;35312;Solaire thermique;Chaleur;26.0;40.0;35;312
Saint-Suliac;35314;Bois énergie domestique;Chaleur;1921.0;2395.0;35;314
Saint-Suliac;35314;Hydroélectricité;Electricité;0.0;0.0;35;314
Saint-Suliac;35314;PAC (aérothermie et géothermie);Chaleur;1071.0;1498.0;35;314
Saint-Suliac;35314;Solaire thermique;Chaleur;18.0;20.0;35;314
Saint-Sulpice-la-Forêt;35315;Bois énergie domestique;Chaleur;2285.0;2850.0;35;315
Saint-Sulpice-la-Forêt;35315;Hydroélectricité;Electricité;0.0;0.0;35;315
Saint-Sulpice-la-Forêt;35315;PAC (aérothermie et géothermie);Chaleur;1051.0;1471.0;35;315
Saint-Sulpice-la-Forêt;35315;Solaire PV;Electricité;60.0;83.0;35;315
Saint-Sulpice-la-Forêt;35315;Solaire thermique;Chaleur;17.0;20.0;35;315
Saint-Sulpice-des-Landes;35316;Bois énergie chaufferies;Chaleur;36.0;58.0;35;316
Saint-Sulpice-des-Landes;35316;Bois énergie domestique;Chaleur;1456.0;1817.0;35;316
Saint-Sulpice-des-Landes;35316;Hydroélectricité;Electricité;0.0;0.0;35;316
Saint-Sulpice-des-Landes;35316;PAC (aérothermie et géothermie);Chaleur;652.0;912.0;35;316
Saint-Sulpice-des-Landes;35316;Solaire PV;Electricité;1079.0;871.0;35;316
Saint-Sulpice-des-Landes;35316;Solaire thermique;Chaleur;11.0;20.0;35;316
Saint-Symphorien;35317;Bois énergie domestique;Chaleur;911.0;1136.0;35;317
Saint-Symphorien;35317;Hydroélectricité;Electricité;0.0;0.0;35;317
Saint-Symphorien;35317;PAC (aérothermie et géothermie);Chaleur;423.0;592.0;35;317
Saint-Symphorien;35317;Solaire PV;Electricité;78.0;60.0;35;317
Saint-Symphorien;35317;Solaire thermique;Chaleur;7.0;10.0;35;317
Saint-Thual;35318;Bois énergie domestique;Chaleur;1424.0;1776.0;35;318
Saint-Thual;35318;Hydroélectricité;Electricité;0.0;0.0;35;318
Saint-Thual;35318;PAC (aérothermie et géothermie);Chaleur;696.0;974.0;35;318
Saint-Thual;35318;Solaire PV;Electricité;143.0;165.0;35;318
Saint-Thual;35318;Solaire thermique;Chaleur;12.0;20.0;35;318
Saint-Thurial;35319;Bois énergie domestique;Chaleur;3133.0;3908.0;35;319
Saint-Thurial;35319;Éolien terrestre;Electricité;30.0;20.0;35;319
Saint-Thurial;35319;Hydroélectricité;Electricité;0.0;0.0;35;319
Saint-Thurial;35319;PAC (aérothermie et géothermie);Chaleur;1439.0;2014.0;35;319
Saint-Thurial;35319;Solaire PV;Electricité;93.0;108.0;35;319
Saint-Thurial;35319;Solaire thermique;Chaleur;24.0;30.0;35;319
Saint-Uniac;35320;Bois énergie domestique;Chaleur;796.0;993.0;35;320
Saint-Uniac;35320;Hydroélectricité;Electricité;0.0;0.0;35;320
Saint-Uniac;35320;Méthanisation;Biométhane;3411.9;714.0;35;320
Saint-Uniac;35320;PAC (aérothermie et géothermie);Chaleur;351.0;492.0;35;320
Saint-Uniac;35320;Solaire PV;Electricité;284.0;250.0;35;320
Saint-Uniac;35320;Solaire thermique;Chaleur;6.0;10.0;35;320
Saulnières;35321;Bois énergie chaufferies;Chaleur;12.0;15.0;35;321
Saulnières;35321;Bois énergie domestique;Chaleur;1279.0;1595.0;35;321
Saulnières;35321;Hydroélectricité;Electricité;0.0;0.0;35;321
Saulnières;35321;PAC (aérothermie et géothermie);Chaleur;576.0;806.0;35;321
Saulnières;35321;Solaire PV;Electricité;368.0;346.0;35;321
Saulnières;35321;Solaire thermique;Chaleur;10.0;10.0;35;321
Le Sel-de-Bretagne;35322;Bois énergie chaufferies;Chaleur;64.0;45.0;35;322
Le Sel-de-Bretagne;35322;Bois énergie domestique;Chaleur;1544.0;1925.0;35;322
Le Sel-de-Bretagne;35322;Hydroélectricité;Electricité;0.0;0.0;35;322
Le Sel-de-Bretagne;35322;PAC (aérothermie et géothermie);Chaleur;700.0;980.0;35;322
Le Sel-de-Bretagne;35322;Solaire PV;Electricité;387.0;391.0;35;322
Le Sel-de-Bretagne;35322;Solaire thermique;Chaleur;12.0;20.0;35;322
La Selle-en-Luitré;35324;Bois énergie domestique;Chaleur;899.0;1121.0;35;324
La Selle-en-Luitré;35324;Hydroélectricité;Electricité;0.0;0.0;35;324
La Selle-en-Luitré;35324;Méthanisation;Biométhane;21157.7;2551.0;35;324
La Selle-en-Luitré;35324;Méthanisation;Chaleur;841.0;120.0;35;324
La Selle-en-Luitré;35324;PAC (aérothermie et géothermie);Chaleur;411.0;575.0;35;324
La Selle-en-Luitré;35324;Solaire PV;Electricité;410.0;682.0;35;324
La Selle-en-Luitré;35324;Solaire thermique;Chaleur;7.0;10.0;35;324
La Selle-Guerchaise;35325;Bois énergie domestique;Chaleur;265.0;330.0;35;325
La Selle-Guerchaise;35325;Hydroélectricité;Electricité;0.0;0.0;35;325
La Selle-Guerchaise;35325;PAC (aérothermie et géothermie);Chaleur;122.0;171.0;35;325
La Selle-Guerchaise;35325;Solaire thermique;Chaleur;2.0;0.0;35;325
Sens-de-Bretagne;35326;Bois énergie chaufferies;Chaleur;68.0;112.0;35;326
Sens-de-Bretagne;35326;Bois énergie domestique;Chaleur;3761.0;4691.0;35;326
Sens-de-Bretagne;35326;Hydroélectricité;Electricité;0.0;0.0;35;326
Sens-de-Bretagne;35326;PAC (aérothermie et géothermie);Chaleur;1768.0;2473.0;35;326
Sens-de-Bretagne;35326;Solaire PV;Electricité;374.0;399.0;35;326
Sens-de-Bretagne;35326;Solaire thermique;Chaleur;29.0;40.0;35;326
Servon-sur-Vilaine;35327;Bois énergie domestique;Chaleur;5413.0;6751.0;35;327
Servon-sur-Vilaine;35327;Fossile;Chaleur;18458.0;13671.0;35;327
Servon-sur-Vilaine;35327;Fossile;Electricité;16407.0;12152.0;35;327
Servon-sur-Vilaine;35327;Hydroélectricité;Electricité;0.0;0.0;35;327
Servon-sur-Vilaine;35327;PAC (aérothermie et géothermie);Chaleur;2401.0;3360.0;35;327
Servon-sur-Vilaine;35327;Solaire PV;Electricité;404.0;420.0;35;327
Servon-sur-Vilaine;35327;Solaire thermique;Chaleur;40.0;60.0;35;327
Sixt-sur-Aff;35328;Bois énergie chaufferies;Chaleur;120.0;80.0;35;328
Sixt-sur-Aff;35328;Bois énergie domestique;Chaleur;4405.0;5494.0;35;328
Sixt-sur-Aff;35328;Hydroélectricité;Electricité;0.0;0.0;35;328
Sixt-sur-Aff;35328;Méthanisation;Chaleur;4713.0;939.0;35;328
Sixt-sur-Aff;35328;Méthanisation;Electricité;4442.0;885.0;35;328
Sixt-sur-Aff;35328;PAC (aérothermie et géothermie);Chaleur;2033.0;2845.0;35;328
Sixt-sur-Aff;35328;Solaire PV;Electricité;770.0;779.0;35;328
Sixt-sur-Aff;35328;Solaire thermique;Chaleur;34.0;50.0;35;328
Sougeal;35329;Bois énergie chaufferies;Chaleur;72.0;65.0;35;329
Sougeal;35329;Bois énergie domestique;Chaleur;1340.0;1672.0;35;329
Sougeal;35329;Hydroélectricité;Electricité;0.0;0.0;35;329
Sougeal;35329;PAC (aérothermie et géothermie);Chaleur;685.0;958.0;35;329
Sougeal;35329;Solaire PV;Electricité;54.0;60.0;35;329
Sougeal;35329;Solaire thermique;Chaleur;11.0;20.0;35;329
Taillis;35330;Bois énergie domestique;Chaleur;1611.0;2009.0;35;330
Taillis;35330;Hydroélectricité;Electricité;0.0;0.0;35;330
Taillis;35330;PAC (aérothermie et géothermie);Chaleur;739.0;1034.0;35;330
Taillis;35330;Solaire PV;Electricité;95.0;122.0;35;330
Taillis;35330;Solaire thermique;Chaleur;12.0;20.0;35;330
Talensac;35331;Bois énergie chaufferies;Chaleur;98.0;60.0;35;331
Talensac;35331;Bois énergie domestique;Chaleur;3986.0;4971.0;35;331
Talensac;35331;Hydroélectricité;Electricité;0.0;0.0;35;331
Talensac;35331;PAC (aérothermie et géothermie);Chaleur;1807.0;2529.0;35;331
Talensac;35331;Solaire PV;Electricité;728.0;800.0;35;331
Talensac;35331;Solaire thermique;Chaleur;30.0;40.0;35;331
Teillay;35332;Bois énergie domestique;Chaleur;1834.0;2287.0;35;332
Teillay;35332;Éolien terrestre;Electricité;17571.0;8000.0;35;332
Teillay;35332;Hydroélectricité;Electricité;0.0;0.0;35;332
Teillay;35332;PAC (aérothermie et géothermie);Chaleur;1018.0;1425.0;35;332
Teillay;35332;Solaire PV;Electricité;384.0;333.0;35;332
Teillay;35332;Solaire thermique;Chaleur;17.0;20.0;35;332
Le Theil-de-Bretagne;35333;Bois énergie domestique;Chaleur;2638.0;3290.0;35;333
Le Theil-de-Bretagne;35333;Hydroélectricité;Electricité;0.0;0.0;35;333
Le Theil-de-Bretagne;35333;PAC (aérothermie et géothermie);Chaleur;1190.0;1666.0;35;333
Le Theil-de-Bretagne;35333;Solaire PV;Electricité;909.0;829.0;35;333
Le Theil-de-Bretagne;35333;Solaire thermique;Chaleur;20.0;30.0;35;333
Thorigné-Fouillard;35334;Bois énergie domestique;Chaleur;8009.0;9989.0;35;334
Thorigné-Fouillard;35334;Hydroélectricité;Electricité;0.0;0.0;35;334
Thorigné-Fouillard;35334;Méthanisation;Biométhane;5410.4;714.0;35;334
Thorigné-Fouillard;35334;PAC (aérothermie et géothermie);Chaleur;4341.0;6074.0;35;334
Thorigné-Fouillard;35334;Solaire PV;Electricité;221.0;272.0;35;334
Thorigné-Fouillard;35334;Solaire thermique;Chaleur;72.0;100.0;35;334
Thourie;35335;Bois énergie domestique;Chaleur;1348.0;1681.0;35;335
Thourie;35335;Hydroélectricité;Electricité;0.0;0.0;35;335
Thourie;35335;PAC (aérothermie et géothermie);Chaleur;666.0;932.0;35;335
Thourie;35335;Solaire PV;Electricité;547.0;487.0;35;335
Thourie;35335;Solaire thermique;Chaleur;11.0;20.0;35;335
Le Tiercent;35336;Bois énergie domestique;Chaleur;379.0;473.0;35;336
Le Tiercent;35336;Hydroélectricité;Electricité;0.0;0.0;35;336
Le Tiercent;35336;PAC (aérothermie et géothermie);Chaleur;191.0;267.0;35;336
Le Tiercent;35336;Solaire thermique;Chaleur;3.0;0.0;35;336
Tinténiac;35337;Bois énergie chaufferies;Chaleur;111.0;50.0;35;337
Tinténiac;35337;Bois énergie domestique;Chaleur;5125.0;6392.0;35;337
Tinténiac;35337;Hydroélectricité;Electricité;0.0;0.0;35;337
Tinténiac;35337;Méthanisation;Chaleur;312.0;44.0;35;337
Tinténiac;35337;Méthanisation;Electricité;312.0;44.0;35;337
Tinténiac;35337;PAC (aérothermie et géothermie);Chaleur;2418.0;3384.0;35;337
Tinténiac;35337;Solaire PV;Electricité;2949.0;3004.0;35;337
Tinténiac;35337;Solaire thermique;Chaleur;40.0;60.0;35;337
Torcé;35338;Bois énergie domestique;Chaleur;1967.0;2454.0;35;338
Torcé;35338;Hydroélectricité;Electricité;0.0;0.0;35;338
Torcé;35338;PAC (aérothermie et géothermie);Chaleur;850.0;1189.0;35;338
Torcé;35338;Solaire PV;Electricité;178.0;457.0;35;338
Torcé;35338;Solaire thermique;Chaleur;14.0;20.0;35;338
Trans-la-Forêt;35339;Bois énergie domestique;Chaleur;1274.0;1589.0;35;339
Trans-la-Forêt;35339;Hydroélectricité;Electricité;0.0;0.0;35;339
Trans-la-Forêt;35339;PAC (aérothermie et géothermie);Chaleur;648.0;907.0;35;339
Trans-la-Forêt;35339;Solaire PV;Electricité;390.0;411.0;35;339
Trans-la-Forêt;35339;Solaire thermique;Chaleur;11.0;20.0;35;339
Treffendel;35340;Bois énergie domestique;Chaleur;2040.0;2544.0;35;340
Treffendel;35340;Éolien terrestre;Electricité;20753.0;8000.0;35;340
Treffendel;35340;Hydroélectricité;Electricité;0.0;0.0;35;340
Treffendel;35340;Méthanisation;Biométhane;15253.8;1633.0;35;340
Treffendel;35340;PAC (aérothermie et géothermie);Chaleur;970.0;1357.0;35;340
Treffendel;35340;Solaire PV;Electricité;596.0;1331.0;35;340
Treffendel;35340;Solaire thermique;Chaleur;16.0;20.0;35;340
Trémeheuc;35342;Bois énergie domestique;Chaleur;684.0;853.0;35;342
Trémeheuc;35342;Éolien terrestre;Electricité;21392.0;12000.0;35;342
Trémeheuc;35342;Hydroélectricité;Electricité;0.0;0.0;35;342
Trémeheuc;35342;PAC (aérothermie et géothermie);Chaleur;296.0;414.0;35;342
Trémeheuc;35342;Solaire thermique;Chaleur;5.0;10.0;35;342
Tresbœuf;35343;Bois énergie domestique;Chaleur;1990.0;2482.0;35;343
Tresbœuf;35343;Hydroélectricité;Electricité;0.0;0.0;35;343
Tresbœuf;35343;PAC (aérothermie et géothermie);Chaleur;993.0;1390.0;35;343
Tresbœuf;35343;Solaire PV;Electricité;534.0;483.0;35;343
Tresbœuf;35343;Solaire thermique;Chaleur;16.0;20.0;35;343
Trévérien;35345;Bois énergie domestique;Chaleur;1384.0;1726.0;35;345
Trévérien;35345;Hydroélectricité;Electricité;0.0;0.0;35;345
Trévérien;35345;PAC (aérothermie et géothermie);Chaleur;718.0;1004.0;35;345
Trévérien;35345;Solaire PV;Electricité;118.0;119.0;35;345
Trévérien;35345;Solaire thermique;Chaleur;12.0;20.0;35;345
Trimer;35346;Bois énergie domestique;Chaleur;324.0;404.0;35;346
Trimer;35346;Hydroélectricité;Electricité;0.0;0.0;35;346
Trimer;35346;PAC (aérothermie et géothermie);Chaleur;181.0;254.0;35;346
Trimer;35346;Solaire thermique;Chaleur;3.0;0.0;35;346
Val-d'Izé;35347;Bois énergie domestique;Chaleur;4254.0;5306.0;35;347
Val-d'Izé;35347;Hydroélectricité;Electricité;0.0;0.0;35;347
Val-d'Izé;35347;Méthanisation;Chaleur;257.0;50.0;35;347
Val-d'Izé;35347;Méthanisation;Electricité;170.0;33.0;35;347
Val-d'Izé;35347;PAC (aérothermie et géothermie);Chaleur;1910.0;2673.0;35;347
Val-d'Izé;35347;Solaire PV;Electricité;1339.0;1203.0;35;347
Val-d'Izé;35347;Solaire thermique;Chaleur;32.0;40.0;35;347
Vergéal;35350;Bois énergie domestique;Chaleur;1286.0;1604.0;35;350
Vergéal;35350;Hydroélectricité;Electricité;0.0;0.0;35;350
Vergéal;35350;PAC (aérothermie et géothermie);Chaleur;576.0;806.0;35;350
Vergéal;35350;Solaire PV;Electricité;146.0;144.0;35;350
Vergéal;35350;Solaire thermique;Chaleur;10.0;10.0;35;350
Le Verger;35351;Bois énergie domestique;Chaleur;2037.0;2540.0;35;351
Le Verger;35351;Hydroélectricité;Electricité;0.0;0.0;35;351
Le Verger;35351;PAC (aérothermie et géothermie);Chaleur;920.0;1287.0;35;351
Le Verger;35351;Solaire PV;Electricité;47.0;76.0;35;351
Le Verger;35351;Solaire thermique;Chaleur;15.0;20.0;35;351
Vern-sur-Seiche;35352;Bois énergie domestique;Chaleur;8229.0;10264.0;35;352
Vern-sur-Seiche;35352;Hydroélectricité;Electricité;0.0;0.0;35;352
Vern-sur-Seiche;35352;PAC (aérothermie et géothermie);Chaleur;4483.0;6273.0;35;352
Vern-sur-Seiche;35352;Solaire PV;Electricité;1404.0;1596.0;35;352
Vern-sur-Seiche;35352;Solaire thermique;Chaleur;74.0;100.0;35;352
Vezin-le-Coquet;35353;Bois énergie chaufferies;Chaleur;3665.0;1200.0;35;353
Vezin-le-Coquet;35353;Bois énergie domestique;Chaleur;6092.0;7597.0;35;353
Vezin-le-Coquet;35353;Hydroélectricité;Electricité;0.0;0.0;35;353
Vezin-le-Coquet;35353;PAC (aérothermie et géothermie);Chaleur;2714.0;3797.0;35;353
Vezin-le-Coquet;35353;Solaire PV;Electricité;116.0;145.0;35;353
Vezin-le-Coquet;35353;Solaire thermique;Chaleur;45.0;60.0;35;353
Vieux-Viel;35354;Bois énergie domestique;Chaleur;708.0;883.0;35;354
Vieux-Viel;35354;Hydroélectricité;Electricité;0.0;0.0;35;354
Vieux-Viel;35354;PAC (aérothermie et géothermie);Chaleur;368.0;514.0;35;354
Vieux-Viel;35354;Solaire thermique;Chaleur;6.0;10.0;35;354
Vieux-Vy-sur-Couesnon;35355;Bois énergie domestique;Chaleur;1979.0;2468.0;35;355
Vieux-Vy-sur-Couesnon;35355;Hydroélectricité;Electricité;0.0;0.0;35;355
Vieux-Vy-sur-Couesnon;35355;PAC (aérothermie et géothermie);Chaleur;985.0;1378.0;35;355
Vieux-Vy-sur-Couesnon;35355;Solaire PV;Electricité;32.0;53.0;35;355
Vieux-Vy-sur-Couesnon;35355;Solaire thermique;Chaleur;16.0;20.0;35;355
Vignoc;35356;Bois énergie domestique;Chaleur;2747.0;3426.0;35;356
Vignoc;35356;Hydroélectricité;Electricité;0.0;0.0;35;356
Vignoc;35356;PAC (aérothermie et géothermie);Chaleur;1254.0;1755.0;35;356
Vignoc;35356;Solaire PV;Electricité;906.0;824.0;35;356
Vignoc;35356;Solaire thermique;Chaleur;21.0;30.0;35;356
Villamée;35357;Bois énergie domestique;Chaleur;587.0;732.0;35;357
Villamée;35357;Hydroélectricité;Electricité;0.0;0.0;35;357
Villamée;35357;PAC (aérothermie et géothermie);Chaleur;296.0;414.0;35;357
Villamée;35357;Solaire PV;Electricité;28.0;57.0;35;357
Villamée;35357;Solaire thermique;Chaleur;5.0;10.0;35;357
La Ville-ès-Nonais;35358;Bois énergie domestique;Chaleur;2102.0;2622.0;35;358
La Ville-ès-Nonais;35358;Hydroélectricité;Electricité;0.0;0.0;35;358
La Ville-ès-Nonais;35358;PAC (aérothermie et géothermie);Chaleur;1076.0;1506.0;35;358
La Ville-ès-Nonais;35358;Solaire thermique;Chaleur;18.0;20.0;35;358
Visseiche;35359;Bois énergie domestique;Chaleur;1564.0;1951.0;35;359
Visseiche;35359;Hydroélectricité;Electricité;0.0;0.0;35;359
Visseiche;35359;PAC (aérothermie et géothermie);Chaleur;686.0;960.0;35;359
Visseiche;35359;Solaire PV;Electricité;1326.0;1279.0;35;359
Visseiche;35359;Solaire thermique;Chaleur;11.0;20.0;35;359
Vitré;35360;Bois énergie chaufferies;Chaleur;409.0;290.0;35;360
Vitré;35360;Bois énergie domestique;Chaleur;16657.0;20775.0;35;360
Vitré;35360;Fossile;Chaleur;0.0;0.0;35;360
Vitré;35360;Fossile;Electricité;0.0;0.0;35;360
Vitré;35360;Hydroélectricité;Electricité;0.0;0.0;35;360
Vitré;35360;Méthanisation;Biométhane;5493.6;714.0;35;360
Vitré;35360;PAC (aérothermie et géothermie);Chaleur;9508.0;13304.0;35;360
Vitré;35360;Solaire PV;Electricité;1473.0;2001.0;35;360
Vitré;35360;Solaire thermique;Chaleur;157.0;220.0;35;360
Vitré;35360;Uiom;Chaleur;34034.0;7800.0;35;360
Vitré;35360;Uiom;Electricité;1429.0;0.0;35;360
Le Vivier-sur-Mer;35361;Bois énergie domestique;Chaleur;2049.0;2556.0;35;361
Le Vivier-sur-Mer;35361;Hydroélectricité;Electricité;0.0;0.0;35;361
Le Vivier-sur-Mer;35361;PAC (aérothermie et géothermie);Chaleur;1071.0;1499.0;35;361
Le Vivier-sur-Mer;35361;Solaire PV;Electricité;26.0;44.0;35;361
Le Vivier-sur-Mer;35361;Solaire thermique;Chaleur;18.0;20.0;35;361
Le Tronchet;35362;Bois énergie domestique;Chaleur;2070.0;2582.0;35;362
Le Tronchet;35362;Hydroélectricité;Electricité;0.0;0.0;35;362
Le Tronchet;35362;PAC (aérothermie et géothermie);Chaleur;1210.0;1693.0;35;362
Le Tronchet;35362;Solaire PV;Electricité;33.0;39.0;35;362
Le Tronchet;35362;Solaire thermique;Chaleur;20.0;30.0;35;362
Pont-Péan;35363;Bois énergie domestique;Chaleur;4275.0;5331.0;35;363
Pont-Péan;35363;Hydroélectricité;Electricité;0.0;0.0;35;363
Pont-Péan;35363;PAC (aérothermie et géothermie);Chaleur;2367.0;3312.0;35;363
Pont-Péan;35363;Solaire PV;Electricité;87.0;141.0;35;363
Pont-Péan;35363;Solaire thermique;Chaleur;39.0;50.0;35;363
Allaire;56001;Bois énergie chaufferies;Chaleur;212.0;100.0;56;001
Allaire;56001;Bois énergie domestique;Chaleur;7347.0;9163.0;56;001
Allaire;56001;Hydroélectricité;Electricité;0.0;0.0;56;001
Allaire;56001;Méthanisation;Chaleur;1879.0;243.0;56;001
Allaire;56001;Méthanisation;Electricité;1933.0;250.0;56;001
Allaire;56001;PAC (aérothermie et géothermie);Chaleur;3225.0;4513.0;56;001
Allaire;56001;Solaire PV;Electricité;273.0;646.0;56;001
Allaire;56001;Solaire thermique;Chaleur;53.0;70.0;56;001
Ambon;56002;Bois énergie domestique;Chaleur;3728.0;4650.0;56;002
Ambon;56002;Éolien terrestre;Electricité;12686.0;12020.0;56;002
Ambon;56002;Hydroélectricité;Electricité;0.0;0.0;56;002
Ambon;56002;PAC (aérothermie et géothermie);Chaleur;2377.0;3326.0;56;002
Ambon;56002;Solaire PV;Electricité;963.0;1057.0;56;002
Ambon;56002;Solaire thermique;Chaleur;39.0;60.0;56;002
Arradon;56003;Bois énergie domestique;Chaleur;9024.0;11255.0;56;003
Arradon;56003;Hydroélectricité;Electricité;0.0;0.0;56;003
Arradon;56003;PAC (aérothermie et géothermie);Chaleur;4709.0;6589.0;56;003
Arradon;56003;Solaire PV;Electricité;403.0;393.0;56;003
Arradon;56003;Solaire thermique;Chaleur;78.0;110.0;56;003
Arzal;56004;Bois énergie domestique;Chaleur;3182.0;3969.0;56;004
Arzal;56004;Hydroélectricité;Electricité;0.0;0.0;56;004
Arzal;56004;Méthanisation;Chaleur;2473.0;934.0;56;004
Arzal;56004;Méthanisation;Electricité;5381.0;2032.0;56;004
Arzal;56004;PAC (aérothermie et géothermie);Chaleur;1731.0;2422.0;56;004
Arzal;56004;Solaire PV;Electricité;1493.0;2942.0;56;004
Arzal;56004;Solaire thermique;Chaleur;29.0;40.0;56;004
Arzon;56005;Bois énergie domestique;Chaleur;5988.0;7468.0;56;005
Arzon;56005;Hydroélectricité;Electricité;0.0;0.0;56;005
Arzon;56005;PAC (aérothermie et géothermie);Chaleur;6322.0;8846.0;56;005
Arzon;56005;Solaire PV;Electricité;245.0;241.0;56;005
Arzon;56005;Solaire thermique;Chaleur;105.0;150.0;56;005
Augan;56006;Bois énergie domestique;Chaleur;3210.0;4004.0;56;006
Augan;56006;Hydroélectricité;Electricité;176.0;134.0;56;006
Augan;56006;Méthanisation;Chaleur;2518.0;311.0;56;006
Augan;56006;Méthanisation;Electricité;2429.0;300.0;56;006
Augan;56006;PAC (aérothermie et géothermie);Chaleur;1437.0;2010.0;56;006
Augan;56006;Solaire PV;Electricité;479.0;412.0;56;006
Augan;56006;Solaire thermique;Chaleur;24.0;30.0;56;006
Auray;56007;Bois énergie chaufferies;Chaleur;2068.0;930.0;56;007
Auray;56007;Bois énergie domestique;Chaleur;10714.0;13363.0;56;007
Auray;56007;Hydroélectricité;Electricité;0.0;0.0;56;007
Auray;56007;PAC (aérothermie et géothermie);Chaleur;6278.0;8785.0;56;007
Auray;56007;Solaire PV;Electricité;332.0;954.0;56;007
Auray;56007;Solaire thermique;Chaleur;104.0;150.0;56;007
Baden;56008;Bois énergie domestique;Chaleur;8180.0;10202.0;56;008
Baden;56008;Hydroélectricité;Electricité;0.0;0.0;56;008
Baden;56008;PAC (aérothermie et géothermie);Chaleur;4837.0;6768.0;56;008
Baden;56008;Solaire PV;Electricité;307.0;335.0;56;008
Baden;56008;Solaire thermique;Chaleur;80.0;110.0;56;008
Bangor;56009;Bois énergie domestique;Chaleur;2922.0;3644.0;56;009
Bangor;56009;Hydroélectricité;Electricité;0.0;0.0;56;009
Bangor;56009;PAC (aérothermie et géothermie);Chaleur;2357.0;3298.0;56;009
Bangor;56009;Solaire PV;Electricité;27.0;45.0;56;009
Bangor;56009;Solaire thermique;Chaleur;39.0;50.0;56;009
Baud;56010;Bois énergie chaufferies;Chaleur;1071.0;340.0;56;010
Baud;56010;Bois énergie domestique;Chaleur;11308.0;14103.0;56;010
Baud;56010;Hydroélectricité;Electricité;0.0;0.0;56;010
Baud;56010;PAC (aérothermie et géothermie);Chaleur;4963.0;6945.0;56;010
Baud;56010;Solaire PV;Electricité;5855.0;5184.0;56;010
Baud;56010;Solaire thermique;Chaleur;82.0;120.0;56;010
Béganne;56011;Bois énergie domestique;Chaleur;3369.0;4202.0;56;011
Béganne;56011;Éolien terrestre;Electricité;19328.0;8200.0;56;011
Béganne;56011;Hydroélectricité;Electricité;0.0;0.0;56;011
Béganne;56011;PAC (aérothermie et géothermie);Chaleur;1794.0;2511.0;56;011
Béganne;56011;Solaire PV;Electricité;166.0;221.0;56;011
Béganne;56011;Solaire thermique;Chaleur;30.0;40.0;56;011
Beignon;56012;Bois énergie domestique;Chaleur;2940.0;3666.0;56;012
Beignon;56012;Hydroélectricité;Electricité;0.0;0.0;56;012
Beignon;56012;PAC (aérothermie et géothermie);Chaleur;1240.0;1735.0;56;012
Beignon;56012;Solaire PV;Electricité;83.0;133.0;56;012
Beignon;56012;Solaire thermique;Chaleur;21.0;30.0;56;012
Belz;56013;Bois énergie domestique;Chaleur;5895.0;7353.0;56;013
Belz;56013;Hydroélectricité;Electricité;0.0;0.0;56;013
Belz;56013;Hydrolien;Electricité;0.0;0.0;56;013
Belz;56013;PAC (aérothermie et géothermie);Chaleur;4114.0;5756.0;56;013
Belz;56013;Solaire PV;Electricité;249.0;349.0;56;013
Belz;56013;Solaire thermique;Chaleur;68.0;100.0;56;013
Berné;56014;Bois énergie domestique;Chaleur;2646.0;3300.0;56;014
Berné;56014;Hydroélectricité;Electricité;0.0;0.0;56;014
Berné;56014;PAC (aérothermie et géothermie);Chaleur;1344.0;1881.0;56;014
Berné;56014;Solaire PV;Electricité;195.0;207.0;56;014
Berné;56014;Solaire thermique;Chaleur;22.0;30.0;56;014
Berric;56015;Bois énergie domestique;Chaleur;3182.0;3969.0;56;015
Berric;56015;Hydroélectricité;Electricité;0.0;0.0;56;015
Berric;56015;Méthanisation;Biométhane;5141.5;1122.0;56;015
Berric;56015;PAC (aérothermie et géothermie);Chaleur;1561.0;2184.0;56;015
Berric;56015;Solaire PV;Electricité;162.0;257.0;56;015
Berric;56015;Solaire thermique;Chaleur;26.0;40.0;56;015
Bignan;56017;Bois énergie domestique;Chaleur;5430.0;6773.0;56;017
Bignan;56017;Éolien terrestre;Electricité;13884.0;6000.0;56;017
Bignan;56017;Fossile;Chaleur;0.0;0.0;56;017
Bignan;56017;Fossile;Electricité;126.0;7424.0;56;017
Bignan;56017;Hydroélectricité;Electricité;0.0;0.0;56;017
Bignan;56017;PAC (aérothermie et géothermie);Chaleur;2291.0;3206.0;56;017
Bignan;56017;Solaire PV;Electricité;481.0;705.0;56;017
Bignan;56017;Solaire thermique;Chaleur;38.0;50.0;56;017
Billiers;56018;Bois énergie domestique;Chaleur;1774.0;2212.0;56;018
Billiers;56018;Hydroélectricité;Electricité;0.0;0.0;56;018
Billiers;56018;PAC (aérothermie et géothermie);Chaleur;1224.0;1713.0;56;018
Billiers;56018;Solaire PV;Electricité;33.0;53.0;56;018
Billiers;56018;Solaire thermique;Chaleur;20.0;30.0;56;018
Billio;56019;Bois énergie domestique;Chaleur;792.0;988.0;56;019
Billio;56019;Hydroélectricité;Electricité;0.0;0.0;56;019
Billio;56019;PAC (aérothermie et géothermie);Chaleur;375.0;525.0;56;019
Billio;56019;Solaire thermique;Chaleur;6.0;10.0;56;019
Bohal;56020;Bois énergie domestique;Chaleur;1384.0;1726.0;56;020
Bohal;56020;Hydroélectricité;Electricité;0.0;0.0;56;020
Bohal;56020;PAC (aérothermie et géothermie);Chaleur;671.0;939.0;56;020
Bohal;56020;Solaire PV;Electricité;143.0;147.0;56;020
Bohal;56020;Solaire thermique;Chaleur;11.0;20.0;56;020
Brandérion;56021;Bois énergie domestique;Chaleur;2225.0;2776.0;56;021
Brandérion;56021;Hydroélectricité;Electricité;0.0;0.0;56;021
Brandérion;56021;PAC (aérothermie et géothermie);Chaleur;1012.0;1415.0;56;021
Brandérion;56021;Solaire PV;Electricité;137.0;124.0;56;021
Brandérion;56021;Solaire thermique;Chaleur;17.0;20.0;56;021
Brandivy;56022;Bois énergie domestique;Chaleur;2146.0;2677.0;56;022
Brandivy;56022;Hydroélectricité;Electricité;0.0;0.0;56;022
Brandivy;56022;PAC (aérothermie et géothermie);Chaleur;1061.0;1485.0;56;022
Brandivy;56022;Solaire PV;Electricité;82.0;82.0;56;022
Brandivy;56022;Solaire thermique;Chaleur;18.0;20.0;56;022
Brech;56023;Bois énergie domestique;Chaleur;10376.0;12941.0;56;023
Brech;56023;Hydroélectricité;Electricité;146.0;130.0;56;023
Brech;56023;PAC (aérothermie et géothermie);Chaleur;4801.0;6717.0;56;023
Brech;56023;Solaire PV;Electricité;453.0;864.0;56;023
Brech;56023;Solaire thermique;Chaleur;80.0;110.0;56;023
Bréhan;56024;Bois énergie chaufferies;Chaleur;158.0;110.0;56;024
Bréhan;56024;Bois énergie domestique;Chaleur;3933.0;4905.0;56;024
Bréhan;56024;Éolien terrestre;Electricité;15577.0;8200.0;56;024
Bréhan;56024;Hydroélectricité;Electricité;0.0;0.0;56;024
Bréhan;56024;Méthanisation;Chaleur;7493.0;935.0;56;024
Bréhan;56024;Méthanisation;Electricité;7501.0;936.0;56;024
Bréhan;56024;PAC (aérothermie et géothermie);Chaleur;1801.0;2520.0;56;024
Bréhan;56024;Solaire PV;Electricité;207.0;347.0;56;024
Bréhan;56024;Solaire thermique;Chaleur;30.0;40.0;56;024
Brignac;56025;Bois énergie domestique;Chaleur;431.0;537.0;56;025
Brignac;56025;Hydroélectricité;Electricité;0.0;0.0;56;025
Brignac;56025;PAC (aérothermie et géothermie);Chaleur;242.0;339.0;56;025
Brignac;56025;Solaire thermique;Chaleur;4.0;10.0;56;025
Bubry;56026;Bois énergie chaufferies;Chaleur;185.0;150.0;56;026
Bubry;56026;Bois énergie domestique;Chaleur;5307.0;6619.0;56;026
Bubry;56026;Hydroélectricité;Electricité;0.0;0.0;56;026
Bubry;56026;PAC (aérothermie et géothermie);Chaleur;2603.0;3643.0;56;026
Bubry;56026;Solaire PV;Electricité;170.0;198.0;56;026
Bubry;56026;Solaire thermique;Chaleur;43.0;60.0;56;026
Buléon;56027;Bois énergie domestique;Chaleur;1068.0;1332.0;56;027
Buléon;56027;Éolien terrestre;Electricité;43654.0;17200.0;56;027
Buléon;56027;Hydroélectricité;Electricité;0.0;0.0;56;027
Buléon;56027;PAC (aérothermie et géothermie);Chaleur;494.0;692.0;56;027
Buléon;56027;Solaire PV;Electricité;973.0;1017.0;56;027
Buléon;56027;Solaire thermique;Chaleur;8.0;10.0;56;027
Caden;56028;Bois énergie domestique;Chaleur;3487.0;4349.0;56;028
Caden;56028;Hydroélectricité;Electricité;0.0;0.0;56;028
Caden;56028;Méthanisation;Chaleur;4312.0;507.0;56;028
Caden;56028;Méthanisation;Electricité;4244.0;499.0;56;028
Caden;56028;PAC (aérothermie et géothermie);Chaleur;1721.0;2408.0;56;028
Caden;56028;Solaire PV;Electricité;484.0;863.0;56;028
Caden;56028;Solaire thermique;Chaleur;29.0;40.0;56;028
Calan;56029;Bois énergie domestique;Chaleur;1893.0;2361.0;56;029
Calan;56029;Hydroélectricité;Electricité;0.0;0.0;56;029
Calan;56029;PAC (aérothermie et géothermie);Chaleur;866.0;1211.0;56;029
Calan;56029;Solaire PV;Electricité;28.0;46.0;56;029
Calan;56029;Solaire thermique;Chaleur;14.0;20.0;56;029
Camoël;56030;Bois énergie domestique;Chaleur;2049.0;2555.0;56;030
Camoël;56030;Hydroélectricité;Electricité;0.0;0.0;56;030
Camoël;56030;PAC (aérothermie et géothermie);Chaleur;1218.0;1704.0;56;030
Camoël;56030;Solaire PV;Electricité;34.0;66.0;56;030
Camoël;56030;Solaire thermique;Chaleur;20.0;30.0;56;030
Camors;56031;Bois énergie domestique;Chaleur;6173.0;7699.0;56;031
Camors;56031;Hydroélectricité;Electricité;0.0;0.0;56;031
Camors;56031;PAC (aérothermie et géothermie);Chaleur;2805.0;3925.0;56;031
Camors;56031;Solaire PV;Electricité;160.0;207.0;56;031
Camors;56031;Solaire thermique;Chaleur;46.0;60.0;56;031
Campénéac;56032;Bois énergie domestique;Chaleur;3691.0;4603.0;56;032
Campénéac;56032;Éolien terrestre;Electricité;24775.0;12000.0;56;032
Campénéac;56032;Hydroélectricité;Electricité;0.0;0.0;56;032
Campénéac;56032;PAC (aérothermie et géothermie);Chaleur;1688.0;2362.0;56;032
Campénéac;56032;Solaire PV;Electricité;142.0;206.0;56;032
Campénéac;56032;Solaire thermique;Chaleur;28.0;40.0;56;032
Carentoir;56033;Bois énergie chaufferies;Chaleur;98.0;110.0;56;033
Carentoir;56033;Bois énergie domestique;Chaleur;6412.0;7997.0;56;033
Carentoir;56033;Hydroélectricité;Electricité;0.0;0.0;56;033
Carentoir;56033;PAC (aérothermie et géothermie);Chaleur;3202.0;4480.0;56;033
Carentoir;56033;Solaire PV;Electricité;658.0;993.0;56;033
Carentoir;56033;Solaire thermique;Chaleur;53.0;70.0;56;033
Carnac;56034;Bois énergie domestique;Chaleur;9692.0;12088.0;56;034
Carnac;56034;Hydroélectricité;Electricité;0.0;0.0;56;034
Carnac;56034;PAC (aérothermie et géothermie);Chaleur;9036.0;12645.0;56;034
Carnac;56034;Solaire PV;Electricité;120.0;159.0;56;034
Carnac;56034;Solaire thermique;Chaleur;150.0;210.0;56;034
Caro;56035;Bois énergie domestique;Chaleur;2389.0;2979.0;56;035
Caro;56035;Hydroélectricité;Electricité;0.0;0.0;56;035
Caro;56035;PAC (aérothermie et géothermie);Chaleur;1080.0;1511.0;56;035
Caro;56035;Solaire PV;Electricité;100.0;574.0;56;035
Caro;56035;Solaire thermique;Chaleur;18.0;30.0;56;035
Caudan;56036;Bois énergie chaufferies;Chaleur;68.0;70.0;56;036
Caudan;56036;Bois énergie domestique;Chaleur;8454.0;10544.0;56;036
Caudan;56036;Fossile;Chaleur;0.0;0.0;56;036
Caudan;56036;Fossile;Electricité;100.0;7424.0;56;036
Caudan;56036;Hydroélectricité;Electricité;0.0;0.0;56;036
Caudan;56036;PAC (aérothermie et géothermie);Chaleur;4699.0;6575.0;56;036
Caudan;56036;Solaire PV;Electricité;501.0;1626.0;56;036
Caudan;56036;Solaire thermique;Chaleur;78.0;110.0;56;036
La Chapelle-Neuve;56039;Bois énergie domestique;Chaleur;1936.0;2414.0;56;039
La Chapelle-Neuve;56039;Hydroélectricité;Electricité;0.0;0.0;56;039
La Chapelle-Neuve;56039;PAC (aérothermie et géothermie);Chaleur;924.0;1293.0;56;039
La Chapelle-Neuve;56039;Solaire PV;Electricité;346.0;309.0;56;039
La Chapelle-Neuve;56039;Solaire thermique;Chaleur;15.0;20.0;56;039
Cléguer;56040;Bois énergie domestique;Chaleur;5555.0;6928.0;56;040
Cléguer;56040;Hydroélectricité;Electricité;0.0;0.0;56;040
Cléguer;56040;PAC (aérothermie et géothermie);Chaleur;2549.0;3567.0;56;040
Cléguer;56040;Solaire PV;Electricité;98.0;148.0;56;040
Cléguer;56040;Solaire thermique;Chaleur;42.0;60.0;56;040
Cléguérec;56041;Bois énergie chaufferies;Chaleur;159.0;210.0;56;041
Cléguérec;56041;Bois énergie domestique;Chaleur;5482.0;6837.0;56;041
Cléguérec;56041;Hydroélectricité;Electricité;0.0;0.0;56;041
Cléguérec;56041;PAC (aérothermie et géothermie);Chaleur;2634.0;3686.0;56;041
Cléguérec;56041;Solaire PV;Electricité;914.0;1033.0;56;041
Cléguérec;56041;Solaire thermique;Chaleur;44.0;60.0;56;041
Colpo;56042;Bois énergie chaufferies;Chaleur;128.0;116.0;56;042
Colpo;56042;Bois énergie domestique;Chaleur;3429.0;4277.0;56;042
Colpo;56042;Hydroélectricité;Electricité;0.0;0.0;56;042
Colpo;56042;PAC (aérothermie et géothermie);Chaleur;1619.0;2265.0;56;042
Colpo;56042;Solaire PV;Electricité;172.0;409.0;56;042
Colpo;56042;Solaire thermique;Chaleur;27.0;40.0;56;042
Concoret;56043;Bois énergie chaufferies;Chaleur;220.0;160.0;56;043
Concoret;56043;Bois énergie domestique;Chaleur;1492.0;1861.0;56;043
Concoret;56043;Hydroélectricité;Electricité;0.0;0.0;56;043
Concoret;56043;PAC (aérothermie et géothermie);Chaleur;782.0;1094.0;56;043
Concoret;56043;Solaire PV;Electricité;654.0;603.0;56;043
Concoret;56043;Solaire thermique;Chaleur;13.0;20.0;56;043
Cournon;56044;Bois énergie domestique;Chaleur;1679.0;2093.0;56;044
Cournon;56044;Hydroélectricité;Electricité;0.0;0.0;56;044
Cournon;56044;PAC (aérothermie et géothermie);Chaleur;775.0;1084.0;56;044
Cournon;56044;Solaire PV;Electricité;139.0;123.0;56;044
Cournon;56044;Solaire thermique;Chaleur;13.0;20.0;56;044
Le Cours;56045;Bois énergie domestique;Chaleur;1097.0;1368.0;56;045
Le Cours;56045;Hydroélectricité;Electricité;0.0;0.0;56;045
Le Cours;56045;PAC (aérothermie et géothermie);Chaleur;542.0;758.0;56;045
Le Cours;56045;Solaire PV;Electricité;36.0;48.0;56;045
Le Cours;56045;Solaire thermique;Chaleur;9.0;10.0;56;045
Crach;56046;Bois énergie domestique;Chaleur;7546.0;9411.0;56;046
Crach;56046;Hydroélectricité;Electricité;0.0;0.0;56;046
Crach;56046;PAC (aérothermie et géothermie);Chaleur;3715.0;5198.0;56;046
Crach;56046;Solaire PV;Electricité;208.0;236.0;56;046
Crach;56046;Solaire thermique;Chaleur;62.0;90.0;56;046
Crédin;56047;Bois énergie chaufferies;Chaleur;845.0;550.0;56;047
Crédin;56047;Bois énergie domestique;Chaleur;2846.0;3550.0;56;047
Crédin;56047;Éolien terrestre;Electricité;7617.0;4000.0;56;047
Crédin;56047;Hydroélectricité;Electricité;0.0;0.0;56;047
Crédin;56047;PAC (aérothermie et géothermie);Chaleur;1285.0;1798.0;56;047
Crédin;56047;Solaire PV;Electricité;160.0;166.0;56;047
Crédin;56047;Solaire thermique;Chaleur;21.0;30.0;56;047
Le Croisty;56048;Bois énergie domestique;Chaleur;1626.0;2028.0;56;048
Le Croisty;56048;Hydroélectricité;Electricité;0.0;0.0;56;048
Le Croisty;56048;PAC (aérothermie et géothermie);Chaleur;828.0;1159.0;56;048
Le Croisty;56048;Solaire PV;Electricité;176.0;256.0;56;048
Le Croisty;56048;Solaire thermique;Chaleur;14.0;20.0;56;048
La Croix-Helléan;56050;Bois énergie domestique;Chaleur;1736.0;2166.0;56;050
La Croix-Helléan;56050;Hydroélectricité;Electricité;0.0;0.0;56;050
La Croix-Helléan;56050;PAC (aérothermie et géothermie);Chaleur;781.0;1092.0;56;050
La Croix-Helléan;56050;Solaire PV;Electricité;33.0;49.0;56;050
La Croix-Helléan;56050;Solaire thermique;Chaleur;13.0;20.0;56;050
Cruguel;56051;Bois énergie chaufferies;Chaleur;758.0;650.0;56;051
Cruguel;56051;Bois énergie domestique;Chaleur;1385.0;1727.0;56;051
Cruguel;56051;Éolien terrestre;Electricité;22816.0;12000.0;56;051
Cruguel;56051;Hydroélectricité;Electricité;0.0;0.0;56;051
Cruguel;56051;PAC (aérothermie et géothermie);Chaleur;690.0;965.0;56;051
Cruguel;56051;Solaire PV;Electricité;304.0;594.0;56;051
Cruguel;56051;Solaire thermique;Chaleur;11.0;20.0;56;051
Damgan;56052;Bois énergie domestique;Chaleur;5784.0;7214.0;56;052
Damgan;56052;Hydroélectricité;Electricité;0.0;0.0;56;052
Damgan;56052;PAC (aérothermie et géothermie);Chaleur;5554.0;7772.0;56;052
Damgan;56052;Solaire PV;Electricité;189.0;194.0;56;052
Damgan;56052;Solaire thermique;Chaleur;92.0;130.0;56;052
Elven;56053;Bois énergie chaufferies;Chaleur;919.0;600.0;56;053
Elven;56053;Bois énergie domestique;Chaleur;8919.0;11124.0;56;053
Elven;56053;Hydroélectricité;Electricité;0.0;0.0;56;053
Elven;56053;Méthanisation;Biométhane;6230.8;2347.0;56;053
Elven;56053;PAC (aérothermie et géothermie);Chaleur;4141.0;5795.0;56;053
Elven;56053;Solaire PV;Electricité;806.0;1090.0;56;053
Elven;56053;Solaire thermique;Chaleur;69.0;100.0;56;053
Erdeven;56054;Bois énergie domestique;Chaleur;7984.0;9957.0;56;054
Erdeven;56054;Hydroélectricité;Electricité;0.0;0.0;56;054
Erdeven;56054;PAC (aérothermie et géothermie);Chaleur;5198.0;7273.0;56;054
Erdeven;56054;Solaire PV;Electricité;243.0;234.0;56;054
Erdeven;56054;Solaire thermique;Chaleur;86.0;120.0;56;054
Étel;56055;Bois énergie domestique;Chaleur;2861.0;3568.0;56;055
Étel;56055;Hydroélectricité;Electricité;0.0;0.0;56;055
Étel;56055;PAC (aérothermie et géothermie);Chaleur;2453.0;3432.0;56;055
Étel;56055;Solaire PV;Electricité;73.0;112.0;56;055
Étel;56055;Solaire thermique;Chaleur;41.0;60.0;56;055
Évriguet;56056;Bois énergie domestique;Chaleur;457.0;570.0;56;056
Évriguet;56056;Hydroélectricité;Electricité;0.0;0.0;56;056
Évriguet;56056;PAC (aérothermie et géothermie);Chaleur;253.0;354.0;56;056
Évriguet;56056;Solaire thermique;Chaleur;4.0;10.0;56;056
Le Faouët;56057;Bois énergie chaufferies;Chaleur;1010.0;450.0;56;057
Le Faouët;56057;Bois énergie domestique;Chaleur;5701.0;7110.0;56;057
Le Faouët;56057;Hydroélectricité;Electricité;0.0;0.0;56;057
Le Faouët;56057;Méthanisation;Chaleur;23126.0;3300.0;56;057
Le Faouët;56057;PAC (aérothermie et géothermie);Chaleur;2716.0;3800.0;56;057
Le Faouët;56057;Solaire PV;Electricité;221.0;265.0;56;057
Le Faouët;56057;Solaire thermique;Chaleur;45.0;60.0;56;057
Férel;56058;Bois énergie domestique;Chaleur;6768.0;8441.0;56;058
Férel;56058;Hydroélectricité;Electricité;0.0;0.0;56;058
Férel;56058;PAC (aérothermie et géothermie);Chaleur;3145.0;4401.0;56;058
Férel;56058;Solaire PV;Electricité;379.0;373.0;56;058
Férel;56058;Solaire thermique;Chaleur;52.0;70.0;56;058
Les Fougerêts;56060;Bois énergie chaufferies;Chaleur;154.0;90.0;56;060
Les Fougerêts;56060;Bois énergie domestique;Chaleur;2188.0;2729.0;56;060
Les Fougerêts;56060;Éolien terrestre;Electricité;15845.0;12000.0;56;060
Les Fougerêts;56060;Hydroélectricité;Electricité;0.0;0.0;56;060
Les Fougerêts;56060;PAC (aérothermie et géothermie);Chaleur;1019.0;1426.0;56;060
Les Fougerêts;56060;Solaire PV;Electricité;402.0;353.0;56;060
Les Fougerêts;56060;Solaire thermique;Chaleur;17.0;20.0;56;060
La Gacilly;56061;Bois énergie chaufferies;Chaleur;11039.0;3480.0;56;061
La Gacilly;56061;Bois énergie domestique;Chaleur;7635.0;9522.0;56;061
La Gacilly;56061;Éolien terrestre;Electricité;15845.0;12000.0;56;061
La Gacilly;56061;Hydroélectricité;Electricité;0.0;0.0;56;061
La Gacilly;56061;PAC (aérothermie et géothermie);Chaleur;3592.0;5026.0;56;061
La Gacilly;56061;Solaire PV;Electricité;532.0;478.0;56;061
La Gacilly;56061;Solaire thermique;Chaleur;60.0;80.0;56;061
Gâvres;56062;Bois énergie chaufferies;Chaleur;69.0;60.0;56;062
Gâvres;56062;Bois énergie domestique;Chaleur;1495.0;1864.0;56;062
Gâvres;56062;Hydroélectricité;Electricité;0.0;0.0;56;062
Gâvres;56062;PAC (aérothermie et géothermie);Chaleur;1437.0;2011.0;56;062
Gâvres;56062;Solaire thermique;Chaleur;24.0;30.0;56;062
Gestel;56063;Bois énergie domestique;Chaleur;3560.0;4440.0;56;063
Gestel;56063;Hydroélectricité;Electricité;0.0;0.0;56;063
Gestel;56063;PAC (aérothermie et géothermie);Chaleur;1945.0;2721.0;56;063
Gestel;56063;Solaire PV;Electricité;61.0;101.0;56;063
Gestel;56063;Solaire thermique;Chaleur;32.0;50.0;56;063
Gourhel;56065;Bois énergie domestique;Chaleur;1311.0;1635.0;56;065
Gourhel;56065;Hydroélectricité;Electricité;0.0;0.0;56;065
Gourhel;56065;PAC (aérothermie et géothermie);Chaleur;532.0;744.0;56;065
Gourhel;56065;Solaire PV;Electricité;17.0;35.0;56;065
Gourhel;56065;Solaire thermique;Chaleur;9.0;10.0;56;065
Gourin;56066;Bois énergie domestique;Chaleur;8031.0;10017.0;56;066
Gourin;56066;Hydroélectricité;Electricité;0.0;0.0;56;066
Gourin;56066;PAC (aérothermie et géothermie);Chaleur;3986.0;5577.0;56;066
Gourin;56066;Solaire PV;Electricité;180.0;251.0;56;066
Gourin;56066;Solaire thermique;Chaleur;66.0;90.0;56;066
Grand-Champ;56067;Bois énergie domestique;Chaleur;8759.0;10924.0;56;067
Grand-Champ;56067;Hydroélectricité;Electricité;0.0;0.0;56;067
Grand-Champ;56067;PAC (aérothermie et géothermie);Chaleur;4057.0;5677.0;56;067
Grand-Champ;56067;Solaire PV;Electricité;559.0;600.0;56;067
Grand-Champ;56067;Solaire thermique;Chaleur;67.0;90.0;56;067
La Grée-Saint-Laurent;56068;Bois énergie domestique;Chaleur;690.0;861.0;56;068
La Grée-Saint-Laurent;56068;Hydroélectricité;Electricité;0.0;0.0;56;068
La Grée-Saint-Laurent;56068;PAC (aérothermie et géothermie);Chaleur;329.0;461.0;56;068
La Grée-Saint-Laurent;56068;Solaire thermique;Chaleur;5.0;10.0;56;068
Groix;56069;Bois énergie domestique;Chaleur;6770.0;8443.0;56;069
Groix;56069;Hydroélectricité;Electricité;0.0;0.0;56;069
Groix;56069;PAC (aérothermie et géothermie);Chaleur;4798.0;6714.0;56;069
Groix;56069;Solaire PV;Electricité;50.0;69.0;56;069
Groix;56069;Solaire thermique;Chaleur;79.0;110.0;56;069
Guégon;56070;Bois énergie domestique;Chaleur;4998.0;6234.0;56;070
Guégon;56070;Éolien terrestre;Electricité;20978.0;10250.0;56;070
Guégon;56070;Hydroélectricité;Electricité;0.0;0.0;56;070
Guégon;56070;Méthanisation;Chaleur;1423.0;163.0;56;070
Guégon;56070;Méthanisation;Electricité;1353.0;155.0;56;070
Guégon;56070;PAC (aérothermie et géothermie);Chaleur;2410.0;3372.0;56;070
Guégon;56070;Solaire PV;Electricité;650.0;766.0;56;070
Guégon;56070;Solaire thermique;Chaleur;40.0;60.0;56;070
Guéhenno;56071;Bois énergie domestique;Chaleur;1823.0;2273.0;56;071
Guéhenno;56071;Éolien terrestre;Electricité;13539.0;7000.0;56;071
Guéhenno;56071;Hydroélectricité;Electricité;0.0;0.0;56;071
Guéhenno;56071;PAC (aérothermie et géothermie);Chaleur;861.0;1205.0;56;071
Guéhenno;56071;Solaire PV;Electricité;341.0;390.0;56;071
Guéhenno;56071;Solaire thermique;Chaleur;14.0;20.0;56;071
Gueltas;56072;Bois énergie domestique;Chaleur;1030.0;1285.0;56;072
Gueltas;56072;Éolien terrestre;Electricité;5442.0;3000.0;56;072
Gueltas;56072;Hydroélectricité;Electricité;0.0;0.0;56;072
Gueltas;56072;Méthanisation;Biométhane;17431.1;2551.0;56;072
Gueltas;56072;Méthanisation;Chaleur;11311.0;1395.0;56;072
Gueltas;56072;Méthanisation;Electricité;8514.0;1050.0;56;072
Gueltas;56072;PAC (aérothermie et géothermie);Chaleur;499.0;698.0;56;072
Gueltas;56072;Solaire PV;Electricité;1330.0;10446.0;56;072
Gueltas;56072;Solaire thermique;Chaleur;8.0;10.0;56;072
Guémené-sur-Scorff;56073;Bois énergie domestique;Chaleur;1829.0;2281.0;56;073
Guémené-sur-Scorff;56073;Hydroélectricité;Electricité;0.0;0.0;56;073
Guémené-sur-Scorff;56073;PAC (aérothermie et géothermie);Chaleur;991.0;1387.0;56;073
Guémené-sur-Scorff;56073;Solaire thermique;Chaleur;16.0;20.0;56;073
Guénin;56074;Bois énergie domestique;Chaleur;3422.0;4268.0;56;074
Guénin;56074;Hydroélectricité;Electricité;0.0;0.0;56;074
Guénin;56074;PAC (aérothermie et géothermie);Chaleur;1497.0;2094.0;56;074
Guénin;56074;Solaire PV;Electricité;1544.0;1380.0;56;074
Guénin;56074;Solaire thermique;Chaleur;25.0;30.0;56;074
Guer;56075;Bois énergie chaufferies;Chaleur;3803.0;1805.0;56;075
Guer;56075;Bois énergie domestique;Chaleur;9699.0;12097.0;56;075
Guer;56075;Hydroélectricité;Electricité;0.0;0.0;56;075
Guer;56075;Méthanisation;Biométhane;2700.3;1275.0;56;075
Guer;56075;Méthanisation;Chaleur;2150.0;250.0;56;075
Guer;56075;Méthanisation;Electricité;2150.0;250.0;56;075
Guer;56075;PAC (aérothermie et géothermie);Chaleur;4393.0;6147.0;56;075
Guer;56075;Solaire PV;Electricité;1262.0;1371.0;56;075
Guer;56075;Solaire thermique;Chaleur;73.0;100.0;56;075
Guern;56076;Bois énergie chaufferies;Chaleur;130.0;90.0;56;076
Guern;56076;Bois énergie domestique;Chaleur;2864.0;3572.0;56;076
Guern;56076;Éolien terrestre;Electricité;0.0;6000.0;56;076
Guern;56076;Hydroélectricité;Electricité;0.0;0.0;56;076
Guern;56076;Méthanisation;Biométhane;6372.4;969.0;56;076
Guern;56076;Méthanisation;Chaleur;1266.0;162.0;56;076
Guern;56076;Méthanisation;Electricité;1211.0;155.0;56;076
Guern;56076;PAC (aérothermie et géothermie);Chaleur;1460.0;2043.0;56;076
Guern;56076;Solaire PV;Electricité;276.0;292.0;56;076
Guern;56076;Solaire thermique;Chaleur;24.0;30.0;56;076
Le Guerno;56077;Bois énergie chaufferies;Chaleur;302.0;200.0;56;077
Le Guerno;56077;Bois énergie domestique;Chaleur;1857.0;2316.0;56;077
Le Guerno;56077;Hydroélectricité;Electricité;0.0;0.0;56;077
Le Guerno;56077;PAC (aérothermie et géothermie);Chaleur;841.0;1176.0;56;077
Le Guerno;56077;Solaire PV;Electricité;24.0;38.0;56;077
Le Guerno;56077;Solaire thermique;Chaleur;14.0;20.0;56;077
Guidel;56078;Bois énergie chaufferies;Chaleur;100.0;120.0;56;078
Guidel;56078;Bois énergie domestique;Chaleur;14915.0;18602.0;56;078
Guidel;56078;Hydroélectricité;Electricité;0.0;0.0;56;078
Guidel;56078;PAC (aérothermie et géothermie);Chaleur;9665.0;13524.0;56;078
Guidel;56078;Solaire PV;Electricité;446.0;1046.0;56;078
Guidel;56078;Solaire thermique;Chaleur;160.0;220.0;56;078
Guillac;56079;Bois énergie chaufferies;Chaleur;1806.0;1500.0;56;079
Guillac;56079;Bois énergie domestique;Chaleur;2932.0;3657.0;56;079
Guillac;56079;Hydroélectricité;Electricité;0.0;0.0;56;079
Guillac;56079;PAC (aérothermie et géothermie);Chaleur;1407.0;1969.0;56;079
Guillac;56079;Solaire PV;Electricité;79.0;107.0;56;079
Guillac;56079;Solaire thermique;Chaleur;23.0;30.0;56;079
Guilliers;56080;Bois énergie domestique;Chaleur;2819.0;3516.0;56;080
Guilliers;56080;Hydroélectricité;Electricité;0.0;0.0;56;080
Guilliers;56080;Méthanisation;Chaleur;257.0;50.0;56;080
Guilliers;56080;Méthanisation;Electricité;170.0;33.0;56;080
Guilliers;56080;PAC (aérothermie et géothermie);Chaleur;1469.0;2055.0;56;080
Guilliers;56080;Solaire PV;Electricité;245.0;226.0;56;080
Guilliers;56080;Solaire thermique;Chaleur;24.0;30.0;56;080
Guiscriff;56081;Bois énergie domestique;Chaleur;5066.0;6318.0;56;081
Guiscriff;56081;Hydroélectricité;Electricité;0.0;0.0;56;081
Guiscriff;56081;PAC (aérothermie et géothermie);Chaleur;2571.0;3598.0;56;081
Guiscriff;56081;Solaire PV;Electricité;33.0;62.0;56;081
Guiscriff;56081;Solaire thermique;Chaleur;43.0;60.0;56;081
Helléan;56082;Bois énergie domestique;Chaleur;836.0;1043.0;56;082
Helléan;56082;Hydroélectricité;Electricité;0.0;0.0;56;082
Helléan;56082;PAC (aérothermie et géothermie);Chaleur;441.0;618.0;56;082
Helléan;56082;Solaire thermique;Chaleur;7.0;10.0;56;082
Hennebont;56083;Bois énergie chaufferies;Chaleur;3987.0;1410.0;56;083
Hennebont;56083;Bois énergie domestique;Chaleur;16308.0;20340.0;56;083
Hennebont;56083;Hydroélectricité;Electricité;0.0;0.0;56;083
Hennebont;56083;PAC (aérothermie et géothermie);Chaleur;9262.0;12961.0;56;083
Hennebont;56083;Solaire PV;Electricité;162.0;799.0;56;083
Hennebont;56083;Solaire thermique;Chaleur;153.0;210.0;56;083
Le Hézo;56084;Bois énergie domestique;Chaleur;1621.0;2022.0;56;084
Le Hézo;56084;Hydroélectricité;Electricité;0.0;0.0;56;084
Le Hézo;56084;PAC (aérothermie et géothermie);Chaleur;875.0;1225.0;56;084
Le Hézo;56084;Solaire PV;Electricité;29.0;43.0;56;084
Le Hézo;56084;Solaire thermique;Chaleur;15.0;20.0;56;084
Hœdic;56085;Bois énergie domestique;Chaleur;396.0;495.0;56;085
Hœdic;56085;Hydroélectricité;Electricité;0.0;0.0;56;085
Hœdic;56085;PAC (aérothermie et géothermie);Chaleur;403.0;564.0;56;085
Hœdic;56085;Solaire PV;Electricité;102.0;90.0;56;085
Hœdic;56085;Solaire thermique;Chaleur;7.0;10.0;56;085
Île-d'Houat;56086;Bois énergie domestique;Chaleur;673.0;840.0;56;086
Île-d'Houat;56086;Hydroélectricité;Electricité;0.0;0.0;56;086
Île-d'Houat;56086;PAC (aérothermie et géothermie);Chaleur;547.0;766.0;56;086
Île-d'Houat;56086;Solaire thermique;Chaleur;9.0;10.0;56;086
Île-aux-Moines;56087;Bois énergie domestique;Chaleur;2208.0;2753.0;56;087
Île-aux-Moines;56087;Hydroélectricité;Electricité;0.0;0.0;56;087
Île-aux-Moines;56087;PAC (aérothermie et géothermie);Chaleur;2009.0;2812.0;56;087
Île-aux-Moines;56087;Solaire thermique;Chaleur;33.0;50.0;56;087
Île-d'Arz;56088;Bois énergie domestique;Chaleur;965.0;1203.0;56;088
Île-d'Arz;56088;Hydroélectricité;Electricité;0.0;0.0;56;088
Île-d'Arz;56088;PAC (aérothermie et géothermie);Chaleur;963.0;1348.0;56;088
Île-d'Arz;56088;Solaire thermique;Chaleur;16.0;20.0;56;088
Inguiniel;56089;Bois énergie chaufferies;Chaleur;63.0;120.0;56;089
Inguiniel;56089;Bois énergie domestique;Chaleur;3929.0;4900.0;56;089
Inguiniel;56089;Hydroélectricité;Electricité;0.0;0.0;56;089
Inguiniel;56089;Méthanisation;Chaleur;1006.0;217.0;56;089
Inguiniel;56089;Méthanisation;Electricité;974.0;210.0;56;089
Inguiniel;56089;PAC (aérothermie et géothermie);Chaleur;1975.0;2764.0;56;089
Inguiniel;56089;Solaire PV;Electricité;604.0;672.0;56;089
Inguiniel;56089;Solaire thermique;Chaleur;33.0;50.0;56;089
Inzinzac-Lochrist;56090;Bois énergie domestique;Chaleur;8233.0;10268.0;56;090
Inzinzac-Lochrist;56090;Hydroélectricité;Electricité;1272.0;748.0;56;090
Inzinzac-Lochrist;56090;Méthanisation;Biométhane;8473.0;867.0;56;090
Inzinzac-Lochrist;56090;PAC (aérothermie et géothermie);Chaleur;4693.0;6567.0;56;090
Inzinzac-Lochrist;56090;Solaire PV;Electricité;414.0;759.0;56;090
Inzinzac-Lochrist;56090;Solaire thermique;Chaleur;78.0;110.0;56;090
Josselin;56091;Bois énergie chaufferies;Chaleur;195.0;100.0;56;091
Josselin;56091;Bois énergie domestique;Chaleur;4105.0;5120.0;56;091
Josselin;56091;Fossile;Chaleur;0.0;0.0;56;091
Josselin;56091;Fossile;Electricité;24.0;3000.0;56;091
Josselin;56091;Hydroélectricité;Electricité;0.0;0.0;56;091
Josselin;56091;PAC (aérothermie et géothermie);Chaleur;1964.0;2748.0;56;091
Josselin;56091;Solaire PV;Electricité;40.0;52.0;56;091
Josselin;56091;Solaire thermique;Chaleur;33.0;50.0;56;091
Kerfourn;56092;Bois énergie domestique;Chaleur;1647.0;2054.0;56;092
Kerfourn;56092;Hydroélectricité;Electricité;0.0;0.0;56;092
Kerfourn;56092;PAC (aérothermie et géothermie);Chaleur;735.0;1029.0;56;092
Kerfourn;56092;Solaire PV;Electricité;318.0;538.0;56;092
Kerfourn;56092;Solaire thermique;Chaleur;12.0;20.0;56;092
Kergrist;56093;Bois énergie chaufferies;Chaleur;60.0;55.0;56;093
Kergrist;56093;Bois énergie domestique;Chaleur;1546.0;1928.0;56;093
Kergrist;56093;Éolien terrestre;Electricité;27683.0;19700.0;56;093
Kergrist;56093;Hydroélectricité;Electricité;0.0;0.0;56;093
Kergrist;56093;PAC (aérothermie et géothermie);Chaleur;696.0;974.0;56;093
Kergrist;56093;Solaire PV;Electricité;136.0;186.0;56;093
Kergrist;56093;Solaire thermique;Chaleur;12.0;20.0;56;093
Kervignac;56094;Bois énergie domestique;Chaleur;10434.0;13013.0;56;094
Kervignac;56094;Hydroélectricité;Electricité;0.0;0.0;56;094
Kervignac;56094;PAC (aérothermie et géothermie);Chaleur;4725.0;6612.0;56;094
Kervignac;56094;Solaire PV;Electricité;470.0;522.0;56;094
Kervignac;56094;Solaire thermique;Chaleur;78.0;110.0;56;094
Landaul;56096;Bois énergie domestique;Chaleur;4197.0;5234.0;56;096
Landaul;56096;Hydroélectricité;Electricité;0.0;0.0;56;096
Landaul;56096;PAC (aérothermie et géothermie);Chaleur;1817.0;2543.0;56;096
Landaul;56096;Solaire PV;Electricité;58.0;110.0;56;096
Landaul;56096;Solaire thermique;Chaleur;30.0;40.0;56;096
Landévant;56097;Bois énergie domestique;Chaleur;5891.0;7347.0;56;097
Landévant;56097;Hydroélectricité;Electricité;0.0;0.0;56;097
Landévant;56097;PAC (aérothermie et géothermie);Chaleur;2826.0;3955.0;56;097
Landévant;56097;Solaire PV;Electricité;143.0;195.0;56;097
Landévant;56097;Solaire thermique;Chaleur;47.0;70.0;56;097
Lanester;56098;Bois énergie chaufferies;Chaleur;4852.0;1810.0;56;098
Lanester;56098;Bois énergie domestique;Chaleur;20745.0;25873.0;56;098
Lanester;56098;Hydroélectricité;Electricité;0.0;0.0;56;098
Lanester;56098;PAC (aérothermie et géothermie);Chaleur;11723.0;16404.0;56;098
Lanester;56098;Solaire PV;Electricité;553.0;947.0;56;098
Lanester;56098;Solaire thermique;Chaleur;194.0;270.0;56;098
Langoëlan;56099;Bois énergie domestique;Chaleur;970.0;1210.0;56;099
Langoëlan;56099;Éolien terrestre;Electricité;1956.0;1800.0;56;099
Langoëlan;56099;Hydroélectricité;Electricité;0.0;0.0;56;099
Langoëlan;56099;PAC (aérothermie et géothermie);Chaleur;618.0;864.0;56;099
Langoëlan;56099;Solaire thermique;Chaleur;10.0;10.0;56;099
Langonnet;56100;Bois énergie domestique;Chaleur;4160.0;5189.0;56;100
Langonnet;56100;Hydroélectricité;Electricité;0.0;0.0;56;100
Langonnet;56100;PAC (aérothermie et géothermie);Chaleur;2193.0;3069.0;56;100
Langonnet;56100;Solaire PV;Electricité;323.0;427.0;56;100
Langonnet;56100;Solaire thermique;Chaleur;36.0;50.0;56;100
Languidic;56101;Bois énergie domestique;Chaleur;12864.0;16044.0;56;101
Languidic;56101;Fossile;Chaleur;4182.0;1283.0;56;101
Languidic;56101;Fossile;Electricité;3717.0;1140.0;56;101
Languidic;56101;Hydroélectricité;Electricité;0.0;0.0;56;101
Languidic;56101;PAC (aérothermie et géothermie);Chaleur;5982.0;8371.0;56;101
Languidic;56101;Solaire PV;Electricité;1349.0;1833.0;56;101
Languidic;56101;Solaire thermique;Chaleur;99.0;140.0;56;101
Forges de Lanouée;56102;Bois énergie chaufferies;Chaleur;796.0;630.0;56;102
Forges de Lanouée;56102;Bois énergie domestique;Chaleur;4583.0;5716.0;56;102
Forges de Lanouée;56102;Éolien terrestre;Electricité;144510.0;72800.0;56;102
Forges de Lanouée;56102;Hydroélectricité;Electricité;1471.0;687.0;56;102
Forges de Lanouée;56102;Méthanisation;Chaleur;0.0;0.0;56;102
Forges de Lanouée;56102;Méthanisation;Electricité;0.0;0.0;56;102
Forges de Lanouée;56102;PAC (aérothermie et géothermie);Chaleur;2110.0;2953.0;56;102
Forges de Lanouée;56102;Solaire PV;Electricité;1348.0;1214.0;56;102
Forges de Lanouée;56102;Solaire thermique;Chaleur;35.0;50.0;56;102
Lantillac;56103;Bois énergie domestique;Chaleur;699.0;872.0;56;103
Lantillac;56103;Hydroélectricité;Electricité;0.0;0.0;56;103
Lantillac;56103;PAC (aérothermie et géothermie);Chaleur;348.0;487.0;56;103
Lantillac;56103;Solaire thermique;Chaleur;6.0;10.0;56;103
Lanvaudan;56104;Bois énergie domestique;Chaleur;1443.0;1800.0;56;104
Lanvaudan;56104;Hydroélectricité;Electricité;0.0;0.0;56;104
Lanvaudan;56104;PAC (aérothermie et géothermie);Chaleur;719.0;1006.0;56;104
Lanvaudan;56104;Solaire PV;Electricité;40.0;52.0;56;104
Lanvaudan;56104;Solaire thermique;Chaleur;12.0;20.0;56;104
Lanvénégen;56105;Bois énergie domestique;Chaleur;2716.0;3387.0;56;105
Lanvénégen;56105;Hydroélectricité;Electricité;0.0;0.0;56;105
Lanvénégen;56105;PAC (aérothermie et géothermie);Chaleur;1428.0;1999.0;56;105
Lanvénégen;56105;Solaire PV;Electricité;303.0;298.0;56;105
Lanvénégen;56105;Solaire thermique;Chaleur;24.0;30.0;56;105
Larmor-Baden;56106;Bois énergie domestique;Chaleur;2047.0;2554.0;56;106
Larmor-Baden;56106;Hydroélectricité;Electricité;0.0;0.0;56;106
Larmor-Baden;56106;PAC (aérothermie et géothermie);Chaleur;1607.0;2249.0;56;106
Larmor-Baden;56106;Solaire thermique;Chaleur;27.0;40.0;56;106
Larmor-Plage;56107;Bois énergie chaufferies;Chaleur;120.0;70.0;56;107
Larmor-Plage;56107;Bois énergie domestique;Chaleur;10492.0;13086.0;56;107
Larmor-Plage;56107;Hydroélectricité;Electricité;0.0;0.0;56;107
Larmor-Plage;56107;PAC (aérothermie et géothermie);Chaleur;6700.0;9375.0;56;107
Larmor-Plage;56107;Solaire PV;Electricité;168.0;277.0;56;107
Larmor-Plage;56107;Solaire thermique;Chaleur;111.0;160.0;56;107
Larré;56108;Bois énergie domestique;Chaleur;1729.0;2156.0;56;108
Larré;56108;Éolien terrestre;Electricité;20381.0;9200.0;56;108
Larré;56108;Hydroélectricité;Electricité;0.0;0.0;56;108
Larré;56108;PAC (aérothermie et géothermie);Chaleur;855.0;1196.0;56;108
Larré;56108;Solaire PV;Electricité;41.0;52.0;56;108
Larré;56108;Solaire thermique;Chaleur;14.0;20.0;56;108
Lauzach;56109;Bois énergie domestique;Chaleur;1959.0;2444.0;56;109
Lauzach;56109;Éolien terrestre;Electricité;19741.0;8000.0;56;109
Lauzach;56109;Hydroélectricité;Electricité;0.0;0.0;56;109
Lauzach;56109;PAC (aérothermie et géothermie);Chaleur;949.0;1328.0;56;109
Lauzach;56109;Solaire PV;Electricité;220.0;238.0;56;109
Lauzach;56109;Solaire thermique;Chaleur;16.0;20.0;56;109
Lignol;56110;Bois énergie domestique;Chaleur;2045.0;2551.0;56;110
Lignol;56110;Hydroélectricité;Electricité;0.0;0.0;56;110
Lignol;56110;PAC (aérothermie et géothermie);Chaleur;1143.0;1600.0;56;110
Lignol;56110;Solaire PV;Electricité;445.0;436.0;56;110
Lignol;56110;Solaire thermique;Chaleur;19.0;30.0;56;110
Limerzel;56111;Bois énergie domestique;Chaleur;3011.0;3756.0;56;111
Limerzel;56111;Hydroélectricité;Electricité;0.0;0.0;56;111
Limerzel;56111;PAC (aérothermie et géothermie);Chaleur;1558.0;2179.0;56;111
Limerzel;56111;Solaire PV;Electricité;207.0;393.0;56;111
Limerzel;56111;Solaire thermique;Chaleur;26.0;40.0;56;111
Lizio;56112;Bois énergie chaufferies;Chaleur;240.0;190.0;56;112
Lizio;56112;Bois énergie domestique;Chaleur;1750.0;2183.0;56;112
Lizio;56112;Éolien terrestre;Electricité;10897.0;6000.0;56;112
Lizio;56112;Hydroélectricité;Electricité;0.0;0.0;56;112
Lizio;56112;Méthanisation;Chaleur;1207.0;155.0;56;112
Lizio;56112;Méthanisation;Electricité;1245.0;160.0;56;112
Lizio;56112;PAC (aérothermie et géothermie);Chaleur;896.0;1254.0;56;112
Lizio;56112;Solaire PV;Electricité;369.0;359.0;56;112
Lizio;56112;Solaire thermique;Chaleur;15.0;20.0;56;112
Locmalo;56113;Bois énergie chaufferies;Chaleur;936.0;300.0;56;113
Locmalo;56113;Bois énergie domestique;Chaleur;1934.0;2413.0;56;113
Locmalo;56113;Hydroélectricité;Electricité;0.0;0.0;56;113
Locmalo;56113;PAC (aérothermie et géothermie);Chaleur;941.0;1317.0;56;113
Locmalo;56113;Solaire PV;Electricité;260.0;272.0;56;113
Locmalo;56113;Solaire thermique;Chaleur;16.0;20.0;56;113
Locmaria;56114;Bois énergie domestique;Chaleur;3044.0;3797.0;56;114
Locmaria;56114;Hydroélectricité;Electricité;0.0;0.0;56;114
Locmaria;56114;PAC (aérothermie et géothermie);Chaleur;2577.0;3606.0;56;114
Locmaria;56114;Solaire PV;Electricité;12.0;29.0;56;114
Locmaria;56114;Solaire thermique;Chaleur;43.0;60.0;56;114
Locmaria-Grand-Champ;56115;Bois énergie domestique;Chaleur;2573.0;3209.0;56;115
Locmaria-Grand-Champ;56115;Hydroélectricité;Electricité;0.0;0.0;56;115
Locmaria-Grand-Champ;56115;PAC (aérothermie et géothermie);Chaleur;1184.0;1657.0;56;115
Locmaria-Grand-Champ;56115;Solaire PV;Electricité;28.0;53.0;56;115
Locmaria-Grand-Champ;56115;Solaire thermique;Chaleur;20.0;30.0;56;115
Locmariaquer;56116;Bois énergie domestique;Chaleur;4140.0;5164.0;56;116
Locmariaquer;56116;Hydroélectricité;Electricité;0.0;0.0;56;116
Locmariaquer;56116;PAC (aérothermie et géothermie);Chaleur;3089.0;4323.0;56;116
Locmariaquer;56116;Solaire PV;Electricité;98.0;130.0;56;116
Locmariaquer;56116;Solaire thermique;Chaleur;51.0;70.0;56;116
Locminé;56117;Bois énergie chaufferies;Chaleur;7158.0;2160.0;56;117
Locminé;56117;Bois énergie domestique;Chaleur;4689.0;5849.0;56;117
Locminé;56117;Hydroélectricité;Electricité;0.0;0.0;56;117
Locminé;56117;Méthanisation;Biométhane;9837.0;1224.0;56;117
Locminé;56117;Méthanisation;Chaleur;12326.0;1800.0;56;117
Locminé;56117;Méthanisation;Electricité;10956.0;1600.0;56;117
Locminé;56117;PAC (aérothermie et géothermie);Chaleur;2844.0;3979.0;56;117
Locminé;56117;Solaire PV;Electricité;350.0;350.0;56;117
Locminé;56117;Solaire thermique;Chaleur;47.0;70.0;56;117
Locmiquélic;56118;Bois énergie chaufferies;Chaleur;544.0;240.0;56;118
Locmiquélic;56118;Bois énergie domestique;Chaleur;5694.0;7102.0;56;118
Locmiquélic;56118;Hydroélectricité;Electricité;0.0;0.0;56;118
Locmiquélic;56118;PAC (aérothermie et géothermie);Chaleur;3523.0;4930.0;56;118
Locmiquélic;56118;Solaire PV;Electricité;56.0;83.0;56;118
Locmiquélic;56118;Solaire thermique;Chaleur;58.0;80.0;56;118
Locoal-Mendon;56119;Bois énergie chaufferies;Chaleur;36.0;32.0;56;119
Locoal-Mendon;56119;Bois énergie domestique;Chaleur;6486.0;8090.0;56;119
Locoal-Mendon;56119;Hydroélectricité;Electricité;0.0;0.0;56;119
Locoal-Mendon;56119;PAC (aérothermie et géothermie);Chaleur;2993.0;4188.0;56;119
Locoal-Mendon;56119;Solaire PV;Electricité;270.0;504.0;56;119
Locoal-Mendon;56119;Solaire thermique;Chaleur;50.0;70.0;56;119
Locqueltas;56120;Bois énergie domestique;Chaleur;2982.0;3719.0;56;120
Locqueltas;56120;Hydroélectricité;Electricité;0.0;0.0;56;120
Locqueltas;56120;Méthanisation;Biométhane;6344.3;663.0;56;120
Locqueltas;56120;PAC (aérothermie et géothermie);Chaleur;1385.0;1938.0;56;120
Locqueltas;56120;Solaire PV;Electricité;43.0;64.0;56;120
Locqueltas;56120;Solaire thermique;Chaleur;23.0;30.0;56;120
Lorient;56121;Bois énergie chaufferies;Chaleur;15528.0;9565.0;56;121
Lorient;56121;Bois énergie domestique;Chaleur;28025.0;34952.0;56;121
Lorient;56121;Hydroélectricité;Electricité;0.0;0.0;56;121
Lorient;56121;PAC (aérothermie et géothermie);Chaleur;16420.0;22976.0;56;121
Lorient;56121;Solaire PV;Electricité;4090.0;4074.0;56;121
Lorient;56121;Solaire thermique;Chaleur;272.0;380.0;56;121
Loyat;56122;Bois énergie domestique;Chaleur;3354.0;4183.0;56;122
Loyat;56122;Hydroélectricité;Electricité;0.0;0.0;56;122
Loyat;56122;PAC (aérothermie et géothermie);Chaleur;1676.0;2346.0;56;122
Loyat;56122;Solaire PV;Electricité;647.0;604.0;56;122
Loyat;56122;Solaire thermique;Chaleur;28.0;40.0;56;122
Malansac;56123;Bois énergie domestique;Chaleur;4752.0;5927.0;56;123
Malansac;56123;Hydroélectricité;Electricité;0.0;0.0;56;123
Malansac;56123;PAC (aérothermie et géothermie);Chaleur;2196.0;3072.0;56;123
Malansac;56123;Solaire PV;Electricité;184.0;230.0;56;123
Malansac;56123;Solaire thermique;Chaleur;36.0;50.0;56;123
Malestroit;56124;Bois énergie domestique;Chaleur;4416.0;5507.0;56;124
Malestroit;56124;Hydroélectricité;Electricité;0.0;0.0;56;124
Malestroit;56124;PAC (aérothermie et géothermie);Chaleur;1997.0;2794.0;56;124
Malestroit;56124;Solaire PV;Electricité;94.0;116.0;56;124
Malestroit;56124;Solaire thermique;Chaleur;33.0;50.0;56;124
Malguénac;56125;Bois énergie domestique;Chaleur;3679.0;4589.0;56;125
Malguénac;56125;Hydroélectricité;Electricité;0.0;0.0;56;125
Malguénac;56125;PAC (aérothermie et géothermie);Chaleur;1623.0;2271.0;56;125
Malguénac;56125;Solaire PV;Electricité;129.0;158.0;56;125
Malguénac;56125;Solaire thermique;Chaleur;27.0;40.0;56;125
Marzan;56126;Bois énergie domestique;Chaleur;4825.0;6018.0;56;126
Marzan;56126;Hydroélectricité;Electricité;0.0;0.0;56;126
Marzan;56126;PAC (aérothermie et géothermie);Chaleur;2297.0;3214.0;56;126
Marzan;56126;Solaire PV;Electricité;1510.0;1232.0;56;126
Marzan;56126;Solaire thermique;Chaleur;38.0;50.0;56;126
Mauron;56127;Bois énergie chaufferies;Chaleur;28635.0;12200.0;56;127
Mauron;56127;Bois énergie domestique;Chaleur;6452.0;8047.0;56;127
Mauron;56127;Éolien terrestre;Electricité;15968.0;10000.0;56;127
Mauron;56127;Hydroélectricité;Electricité;0.0;0.0;56;127
Mauron;56127;PAC (aérothermie et géothermie);Chaleur;3161.0;4423.0;56;127
Mauron;56127;Solaire PV;Electricité;1213.0;1469.0;56;127
Mauron;56127;Solaire thermique;Chaleur;52.0;70.0;56;127
Melrand;56128;Bois énergie chaufferies;Chaleur;121.0;70.0;56;128
Melrand;56128;Bois énergie domestique;Chaleur;3699.0;4614.0;56;128
Melrand;56128;Hydroélectricité;Electricité;1068.0;370.0;56;128
Melrand;56128;PAC (aérothermie et géothermie);Chaleur;1948.0;2726.0;56;128
Melrand;56128;Solaire PV;Electricité;339.0;333.0;56;128
Melrand;56128;Solaire thermique;Chaleur;32.0;50.0;56;128
Ménéac;56129;Bois énergie chaufferies;Chaleur;682.0;550.0;56;129
Ménéac;56129;Bois énergie domestique;Chaleur;3306.0;4123.0;56;129
Ménéac;56129;Éolien terrestre;Electricité;16219.0;9600.0;56;129
Ménéac;56129;Hydroélectricité;Electricité;0.0;0.0;56;129
Ménéac;56129;PAC (aérothermie et géothermie);Chaleur;1698.0;2376.0;56;129
Ménéac;56129;Solaire PV;Electricité;1325.0;1160.0;56;129
Ménéac;56129;Solaire thermique;Chaleur;28.0;40.0;56;129
Merlevenez;56130;Bois énergie domestique;Chaleur;5205.0;6492.0;56;130
Merlevenez;56130;Hydroélectricité;Electricité;0.0;0.0;56;130
Merlevenez;56130;PAC (aérothermie et géothermie);Chaleur;2398.0;3355.0;56;130
Merlevenez;56130;Solaire PV;Electricité;253.0;335.0;56;130
Merlevenez;56130;Solaire thermique;Chaleur;40.0;60.0;56;130
Meslan;56131;Bois énergie chaufferies;Chaleur;68.0;56.0;56;131
Meslan;56131;Bois énergie domestique;Chaleur;2644.0;3297.0;56;131
Meslan;56131;Hydroélectricité;Electricité;0.0;0.0;56;131
Meslan;56131;PAC (aérothermie et géothermie);Chaleur;1375.0;1924.0;56;131
Meslan;56131;Solaire PV;Electricité;384.0;457.0;56;131
Meslan;56131;Solaire thermique;Chaleur;23.0;30.0;56;131
Meucon;56132;Bois énergie domestique;Chaleur;2716.0;3387.0;56;132
Meucon;56132;Hydroélectricité;Electricité;0.0;0.0;56;132
Meucon;56132;PAC (aérothermie et géothermie);Chaleur;1480.0;2070.0;56;132
Meucon;56132;Solaire PV;Electricité;191.0;243.0;56;132
Meucon;56132;Solaire thermique;Chaleur;25.0;30.0;56;132
Missiriac;56133;Bois énergie domestique;Chaleur;2215.0;2763.0;56;133
Missiriac;56133;Hydroélectricité;Electricité;0.0;0.0;56;133
Missiriac;56133;PAC (aérothermie et géothermie);Chaleur;932.0;1304.0;56;133
Missiriac;56133;Solaire PV;Electricité;208.0;224.0;56;133
Missiriac;56133;Solaire thermique;Chaleur;15.0;20.0;56;133
Mohon;56134;Bois énergie domestique;Chaleur;2183.0;2723.0;56;134
Mohon;56134;Éolien terrestre;Electricité;59035.0;32000.0;56;134
Mohon;56134;Hydroélectricité;Electricité;0.0;0.0;56;134
Mohon;56134;PAC (aérothermie et géothermie);Chaleur;1183.0;1656.0;56;134
Mohon;56134;Solaire PV;Electricité;819.0;724.0;56;134
Mohon;56134;Solaire thermique;Chaleur;20.0;30.0;56;134
Molac;56135;Bois énergie domestique;Chaleur;2656.0;3312.0;56;135
Molac;56135;Hydroélectricité;Electricité;0.0;0.0;56;135
Molac;56135;PAC (aérothermie et géothermie);Chaleur;1308.0;1830.0;56;135
Molac;56135;Solaire PV;Electricité;39.0;75.0;56;135
Molac;56135;Solaire thermique;Chaleur;22.0;30.0;56;135
Monteneuf;56136;Bois énergie domestique;Chaleur;1539.0;1920.0;56;136
Monteneuf;56136;Hydroélectricité;Electricité;0.0;0.0;56;136
Monteneuf;56136;PAC (aérothermie et géothermie);Chaleur;746.0;1044.0;56;136
Monteneuf;56136;Solaire PV;Electricité;273.0;292.0;56;136
Monteneuf;56136;Solaire thermique;Chaleur;12.0;20.0;56;136
Monterblanc;56137;Bois énergie domestique;Chaleur;4874.0;6079.0;56;137
Monterblanc;56137;Hydroélectricité;Electricité;0.0;0.0;56;137
Monterblanc;56137;PAC (aérothermie et géothermie);Chaleur;2167.0;3032.0;56;137
Monterblanc;56137;Solaire PV;Electricité;274.0;306.0;56;137
Monterblanc;56137;Solaire thermique;Chaleur;36.0;50.0;56;137
Montertelot;56139;Bois énergie domestique;Chaleur;750.0;935.0;56;139
Montertelot;56139;Hydroélectricité;Electricité;0.0;0.0;56;139
Montertelot;56139;PAC (aérothermie et géothermie);Chaleur;328.0;460.0;56;139
Montertelot;56139;Solaire thermique;Chaleur;5.0;10.0;56;139
Moréac;56140;Bois énergie domestique;Chaleur;6833.0;8523.0;56;140
Moréac;56140;Éolien terrestre;Electricité;29498.0;16000.0;56;140
Moréac;56140;Hydroélectricité;Electricité;0.0;0.0;56;140
Moréac;56140;PAC (aérothermie et géothermie);Chaleur;2897.0;4054.0;56;140
Moréac;56140;Solaire PV;Electricité;713.0;731.0;56;140
Moréac;56140;Solaire thermique;Chaleur;48.0;70.0;56;140
Moustoir-Ac;56141;Bois énergie domestique;Chaleur;2933.0;3658.0;56;141
Moustoir-Ac;56141;Hydroélectricité;Electricité;0.0;0.0;56;141
Moustoir-Ac;56141;PAC (aérothermie et géothermie);Chaleur;1453.0;2034.0;56;141
Moustoir-Ac;56141;Solaire PV;Electricité;178.0;394.0;56;141
Moustoir-Ac;56141;Solaire thermique;Chaleur;24.0;30.0;56;141
Muzillac;56143;Bois énergie domestique;Chaleur;8641.0;10778.0;56;143
Muzillac;56143;Éolien terrestre;Electricité;12084.0;10020.0;56;143
Muzillac;56143;Hydroélectricité;Electricité;0.0;0.0;56;143
Muzillac;56143;PAC (aérothermie et géothermie);Chaleur;4256.0;5956.0;56;143
Muzillac;56143;Solaire PV;Electricité;589.0;632.0;56;143
Muzillac;56143;Solaire thermique;Chaleur;71.0;100.0;56;143
Évellys;56144;Bois énergie chaufferies;Chaleur;1099.0;1120.0;56;144
Évellys;56144;Bois énergie domestique;Chaleur;6787.0;8465.0;56;144
Évellys;56144;Hydroélectricité;Electricité;0.0;0.0;56;144
Évellys;56144;Méthanisation;Biométhane;9867.4;663.0;56;144
Évellys;56144;Méthanisation;Chaleur;4744.0;690.0;56;144
Évellys;56144;Méthanisation;Electricité;3903.0;570.0;56;144
Évellys;56144;PAC (aérothermie et géothermie);Chaleur;3094.0;4330.0;56;144
Évellys;56144;Solaire PV;Electricité;531.0;777.0;56;144
Évellys;56144;Solaire thermique;Chaleur;51.0;70.0;56;144
Néant-sur-Yvel;56145;Bois énergie domestique;Chaleur;2377.0;2964.0;56;145
Néant-sur-Yvel;56145;Hydroélectricité;Electricité;0.0;0.0;56;145
Néant-sur-Yvel;56145;PAC (aérothermie et géothermie);Chaleur;1208.0;1690.0;56;145
Néant-sur-Yvel;56145;Solaire PV;Electricité;31.0;78.0;56;145
Néant-sur-Yvel;56145;Solaire thermique;Chaleur;20.0;30.0;56;145
Neulliac;56146;Bois énergie chaufferies;Chaleur;351.0;130.0;56;146
Neulliac;56146;Bois énergie domestique;Chaleur;2953.0;3683.0;56;146
Neulliac;56146;Hydroélectricité;Electricité;0.0;0.0;56;146
Neulliac;56146;Méthanisation;Chaleur;0.0;0.0;56;146
Neulliac;56146;PAC (aérothermie et géothermie);Chaleur;1313.0;1837.0;56;146
Neulliac;56146;Solaire PV;Electricité;153.0;184.0;56;146
Neulliac;56146;Solaire thermique;Chaleur;22.0;30.0;56;146
Nivillac;56147;Bois énergie chaufferies;Chaleur;0.0;0.0;56;147
Nivillac;56147;Bois énergie domestique;Chaleur;9143.0;11403.0;56;147
Nivillac;56147;Hydroélectricité;Electricité;0.0;0.0;56;147
Nivillac;56147;PAC (aérothermie et géothermie);Chaleur;4035.0;5646.0;56;147
Nivillac;56147;Solaire PV;Electricité;616.0;885.0;56;147
Nivillac;56147;Solaire thermique;Chaleur;67.0;90.0;56;147
Nostang;56148;Bois énergie domestique;Chaleur;2680.0;3343.0;56;148
Nostang;56148;Hydroélectricité;Electricité;0.0;0.0;56;148
Nostang;56148;PAC (aérothermie et géothermie);Chaleur;1294.0;1810.0;56;148
Nostang;56148;Solaire PV;Electricité;158.0;344.0;56;148
Nostang;56148;Solaire thermique;Chaleur;21.0;30.0;56;148
Noyal-Muzillac;56149;Bois énergie chaufferies;Chaleur;212.0;200.0;56;149
Noyal-Muzillac;56149;Bois énergie domestique;Chaleur;5319.0;6634.0;56;149
Noyal-Muzillac;56149;Éolien terrestre;Electricité;20066.0;10500.0;56;149
Noyal-Muzillac;56149;Hydroélectricité;Electricité;0.0;0.0;56;149
Noyal-Muzillac;56149;PAC (aérothermie et géothermie);Chaleur;2404.0;3363.0;56;149
Noyal-Muzillac;56149;Solaire PV;Electricité;1009.0;871.0;56;149
Noyal-Muzillac;56149;Solaire thermique;Chaleur;40.0;60.0;56;149
Noyal-Pontivy;56151;Bois énergie chaufferies;Chaleur;5333.0;1810.0;56;151
Noyal-Pontivy;56151;Bois énergie domestique;Chaleur;6935.0;8649.0;56;151
Noyal-Pontivy;56151;Éolien terrestre;Electricité;10883.0;6000.0;56;151
Noyal-Pontivy;56151;Hydroélectricité;Electricité;0.0;0.0;56;151
Noyal-Pontivy;56151;Méthanisation;Biométhane;15419.9;2551.0;56;151
Noyal-Pontivy;56151;PAC (aérothermie et géothermie);Chaleur;2984.0;4175.0;56;151
Noyal-Pontivy;56151;Solaire PV;Electricité;306.0;1091.0;56;151
Noyal-Pontivy;56151;Solaire thermique;Chaleur;49.0;70.0;56;151
Le Palais;56152;Bois énergie domestique;Chaleur;5544.0;6914.0;56;152
Le Palais;56152;Hydroélectricité;Electricité;0.0;0.0;56;152
Le Palais;56152;PAC (aérothermie et géothermie);Chaleur;3584.0;5015.0;56;152
Le Palais;56152;Solaire PV;Electricité;125.0;214.0;56;152
Le Palais;56152;Solaire thermique;Chaleur;59.0;80.0;56;152
Péaule;56153;Bois énergie chaufferies;Chaleur;167.0;192.0;56;153
Péaule;56153;Bois énergie domestique;Chaleur;5591.0;6973.0;56;153
Péaule;56153;Hydroélectricité;Electricité;0.0;0.0;56;153
Péaule;56153;PAC (aérothermie et géothermie);Chaleur;2631.0;3681.0;56;153
Péaule;56153;Solaire PV;Electricité;839.0;877.0;56;153
Péaule;56153;Solaire thermique;Chaleur;44.0;60.0;56;153
Peillac;56154;Bois énergie domestique;Chaleur;4133.0;5155.0;56;154
Peillac;56154;Hydroélectricité;Electricité;0.0;0.0;56;154
Peillac;56154;PAC (aérothermie et géothermie);Chaleur;1897.0;2655.0;56;154
Peillac;56154;Solaire PV;Electricité;149.0;158.0;56;154
Peillac;56154;Solaire thermique;Chaleur;31.0;40.0;56;154
Pénestin;56155;Bois énergie domestique;Chaleur;6319.0;7881.0;56;155
Pénestin;56155;Hydroélectricité;Electricité;0.0;0.0;56;155
Pénestin;56155;PAC (aérothermie et géothermie);Chaleur;5697.0;7971.0;56;155
Pénestin;56155;Solaire PV;Electricité;327.0;365.0;56;155
Pénestin;56155;Solaire thermique;Chaleur;94.0;130.0;56;155
Persquen;56156;Bois énergie domestique;Chaleur;806.0;1005.0;56;156
Persquen;56156;Hydroélectricité;Electricité;0.0;0.0;56;156
Persquen;56156;Méthanisation;Chaleur;1664.0;250.0;56;156
Persquen;56156;Méthanisation;Electricité;1664.0;250.0;56;156
Persquen;56156;PAC (aérothermie et géothermie);Chaleur;416.0;582.0;56;156
Persquen;56156;Solaire PV;Electricité;317.0;269.0;56;156
Persquen;56156;Solaire thermique;Chaleur;7.0;10.0;56;156
Plaudren;56157;Bois énergie domestique;Chaleur;3443.0;4294.0;56;157
Plaudren;56157;Hydroélectricité;Electricité;0.0;0.0;56;157
Plaudren;56157;PAC (aérothermie et géothermie);Chaleur;1643.0;2299.0;56;157
Plaudren;56157;Solaire PV;Electricité;1060.0;1031.0;56;157
Plaudren;56157;Solaire thermique;Chaleur;27.0;40.0;56;157
Plescop;56158;Bois énergie chaufferies;Chaleur;1021.0;630.0;56;158
Plescop;56158;Bois énergie domestique;Chaleur;6095.0;7602.0;56;158
Plescop;56158;Hydroélectricité;Electricité;0.0;0.0;56;158
Plescop;56158;PAC (aérothermie et géothermie);Chaleur;3533.0;4944.0;56;158
Plescop;56158;Solaire PV;Electricité;298.0;577.0;56;158
Plescop;56158;Solaire thermique;Chaleur;59.0;80.0;56;158
Pleucadeuc;56159;Bois énergie domestique;Chaleur;3734.0;4657.0;56;159
Pleucadeuc;56159;Hydroélectricité;Electricité;0.0;0.0;56;159
Pleucadeuc;56159;PAC (aérothermie et géothermie);Chaleur;1674.0;2342.0;56;159
Pleucadeuc;56159;Solaire PV;Electricité;164.0;167.0;56;159
Pleucadeuc;56159;Solaire thermique;Chaleur;28.0;40.0;56;159
Pleugriffet;56160;Bois énergie domestique;Chaleur;2563.0;3196.0;56;160
Pleugriffet;56160;Éolien terrestre;Electricité;41097.0;20000.0;56;160
Pleugriffet;56160;Hydroélectricité;Electricité;0.0;0.0;56;160
Pleugriffet;56160;Méthanisation;Biométhane;10846.9;1224.0;56;160
Pleugriffet;56160;PAC (aérothermie et géothermie);Chaleur;1210.0;1693.0;56;160
Pleugriffet;56160;Solaire PV;Electricité;18742.0;13815.0;56;160
Pleugriffet;56160;Solaire thermique;Chaleur;20.0;30.0;56;160
Ploemel;56161;Bois énergie domestique;Chaleur;6011.0;7497.0;56;161
Ploemel;56161;Hydroélectricité;Electricité;0.0;0.0;56;161
Ploemel;56161;PAC (aérothermie et géothermie);Chaleur;2941.0;4115.0;56;161
Ploemel;56161;Solaire PV;Electricité;379.0;381.0;56;161
Ploemel;56161;Solaire thermique;Chaleur;49.0;70.0;56;161
Ploemeur;56162;Bois énergie chaufferies;Chaleur;5369.0;1700.0;56;162
Ploemeur;56162;Bois énergie domestique;Chaleur;21389.0;26677.0;56;162
Ploemeur;56162;Éolien terrestre;Electricité;15.0;10.0;56;162
Ploemeur;56162;Fossile;Chaleur;0.0;0.0;56;162
Ploemeur;56162;Fossile;Electricité;0.0;0.0;56;162
Ploemeur;56162;Hydroélectricité;Electricité;0.0;0.0;56;162
Ploemeur;56162;PAC (aérothermie et géothermie);Chaleur;13854.0;19386.0;56;162
Ploemeur;56162;Solaire PV;Electricité;844.0;1051.0;56;162
Ploemeur;56162;Solaire thermique;Chaleur;229.0;320.0;56;162
Ploërdut;56163;Bois énergie domestique;Chaleur;2746.0;3426.0;56;163
Ploërdut;56163;Hydroélectricité;Electricité;0.0;0.0;56;163
Ploërdut;56163;PAC (aérothermie et géothermie);Chaleur;1544.0;2161.0;56;163
Ploërdut;56163;Solaire PV;Electricité;44.0;117.0;56;163
Ploërdut;56163;Solaire thermique;Chaleur;26.0;40.0;56;163
Ploeren;56164;Bois énergie chaufferies;Chaleur;53.0;500.0;56;164
Ploeren;56164;Bois énergie domestique;Chaleur;9596.0;11968.0;56;164
Ploeren;56164;Hydroélectricité;Electricité;0.0;0.0;56;164
Ploeren;56164;PAC (aérothermie et géothermie);Chaleur;4376.0;6123.0;56;164
Ploeren;56164;Solaire PV;Electricité;747.0;763.0;56;164
Ploeren;56164;Solaire thermique;Chaleur;72.0;100.0;56;164
Ploërmel;56165;Bois énergie chaufferies;Chaleur;176.0;200.0;56;165
Ploërmel;56165;Bois énergie domestique;Chaleur;11583.0;14447.0;56;165
Ploërmel;56165;Hydroélectricité;Electricité;0.0;0.0;56;165
Ploërmel;56165;Méthanisation;Biométhane;7136.8;816.0;56;165
Ploërmel;56165;Méthanisation;Chaleur;2314.0;288.0;56;165
Ploërmel;56165;Méthanisation;Electricité;2009.0;250.0;56;165
Ploërmel;56165;PAC (aérothermie et géothermie);Chaleur;7010.0;9808.0;56;165
Ploërmel;56165;Solaire PV;Electricité;1752.0;2247.0;56;165
Ploërmel;56165;Solaire thermique;Chaleur;116.0;160.0;56;165
Plouay;56166;Bois énergie chaufferies;Chaleur;511.0;185.0;56;166
Plouay;56166;Bois énergie domestique;Chaleur;8947.0;11159.0;56;166
Plouay;56166;Hydroélectricité;Electricité;0.0;0.0;56;166
Plouay;56166;PAC (aérothermie et géothermie);Chaleur;4181.0;5851.0;56;166
Plouay;56166;Solaire PV;Electricité;496.0;726.0;56;166
Plouay;56166;Solaire thermique;Chaleur;69.0;100.0;56;166
Plougoumelen;56167;Bois énergie domestique;Chaleur;4354.0;5431.0;56;167
Plougoumelen;56167;Hydroélectricité;Electricité;0.0;0.0;56;167
Plougoumelen;56167;PAC (aérothermie et géothermie);Chaleur;2056.0;2876.0;56;167
Plougoumelen;56167;Solaire PV;Electricité;119.0;220.0;56;167
Plougoumelen;56167;Solaire thermique;Chaleur;34.0;50.0;56;167
Plouharnel;56168;Bois énergie domestique;Chaleur;4711.0;5876.0;56;168
Plouharnel;56168;Hydroélectricité;Electricité;0.0;0.0;56;168
Plouharnel;56168;PAC (aérothermie et géothermie);Chaleur;2515.0;3519.0;56;168
Plouharnel;56168;Solaire PV;Electricité;68.0;97.0;56;168
Plouharnel;56168;Solaire thermique;Chaleur;42.0;60.0;56;168
Plouhinec;56169;Bois énergie domestique;Chaleur;9481.0;11825.0;56;169
Plouhinec;56169;Hydroélectricité;Electricité;0.0;0.0;56;169
Plouhinec;56169;PAC (aérothermie et géothermie);Chaleur;5536.0;7746.0;56;169
Plouhinec;56169;Solaire PV;Electricité;97.0;159.0;56;169
Plouhinec;56169;Solaire thermique;Chaleur;92.0;130.0;56;169
Plouray;56170;Bois énergie chaufferies;Chaleur;526.0;300.0;56;170
Plouray;56170;Bois énergie domestique;Chaleur;2318.0;2891.0;56;170
Plouray;56170;Hydroélectricité;Electricité;0.0;0.0;56;170
Plouray;56170;PAC (aérothermie et géothermie);Chaleur;1199.0;1677.0;56;170
Plouray;56170;Solaire thermique;Chaleur;20.0;30.0;56;170
Pluherlin;56171;Bois énergie domestique;Chaleur;3373.0;4207.0;56;171
Pluherlin;56171;Hydroélectricité;Electricité;0.0;0.0;56;171
Pluherlin;56171;PAC (aérothermie et géothermie);Chaleur;1628.0;2277.0;56;171
Pluherlin;56171;Solaire PV;Electricité;201.0;191.0;56;171
Pluherlin;56171;Solaire thermique;Chaleur;27.0;40.0;56;171
Plumelec;56172;Bois énergie chaufferies;Chaleur;654.0;390.0;56;172
Plumelec;56172;Bois énergie domestique;Chaleur;4584.0;5718.0;56;172
Plumelec;56172;Hydroélectricité;Electricité;0.0;0.0;56;172
Plumelec;56172;PAC (aérothermie et géothermie);Chaleur;2383.0;3334.0;56;172
Plumelec;56172;Solaire PV;Electricité;1560.0;1607.0;56;172
Plumelec;56172;Solaire thermique;Chaleur;39.0;60.0;56;172
Pluméliau-Bieuzy;56173;Bois énergie chaufferies;Chaleur;964.0;550.0;56;173
Pluméliau-Bieuzy;56173;Bois énergie domestique;Chaleur;9101.0;11351.0;56;173
Pluméliau-Bieuzy;56173;Hydroélectricité;Electricité;0.0;0.0;56;173
Pluméliau-Bieuzy;56173;PAC (aérothermie et géothermie);Chaleur;4288.0;6000.0;56;173
Pluméliau-Bieuzy;56173;Solaire PV;Electricité;1654.0;1763.0;56;173
Pluméliau-Bieuzy;56173;Solaire thermique;Chaleur;71.0;100.0;56;173
Plumelin;56174;Bois énergie domestique;Chaleur;4615.0;5756.0;56;174
Plumelin;56174;Hydroélectricité;Electricité;0.0;0.0;56;174
Plumelin;56174;PAC (aérothermie et géothermie);Chaleur;1944.0;2720.0;56;174
Plumelin;56174;Solaire PV;Electricité;1477.0;1418.0;56;174
Plumelin;56174;Solaire thermique;Chaleur;32.0;50.0;56;174
Plumergat;56175;Bois énergie domestique;Chaleur;6543.0;8161.0;56;175
Plumergat;56175;Hydroélectricité;Electricité;26.0;20.0;56;175
Plumergat;56175;PAC (aérothermie et géothermie);Chaleur;3063.0;4286.0;56;175
Plumergat;56175;Solaire PV;Electricité;338.0;370.0;56;175
Plumergat;56175;Solaire thermique;Chaleur;51.0;70.0;56;175
Pluneret;56176;Bois énergie domestique;Chaleur;7641.0;9530.0;56;176
Pluneret;56176;Hydroélectricité;Electricité;505.0;160.0;56;176
Pluneret;56176;PAC (aérothermie et géothermie);Chaleur;4400.0;6156.0;56;176
Pluneret;56176;Solaire PV;Electricité;271.0;354.0;56;176
Pluneret;56176;Solaire thermique;Chaleur;73.0;100.0;56;176
Pluvigner;56177;Bois énergie domestique;Chaleur;13878.0;17309.0;56;177
Pluvigner;56177;Hydroélectricité;Electricité;0.0;0.0;56;177
Pluvigner;56177;PAC (aérothermie et géothermie);Chaleur;6061.0;8481.0;56;177
Pluvigner;56177;Solaire PV;Electricité;538.0;885.0;56;177
Pluvigner;56177;Solaire thermique;Chaleur;100.0;140.0;56;177
Pontivy;56178;Bois énergie chaufferies;Chaleur;3408.0;1200.0;56;178
Pontivy;56178;Bois énergie domestique;Chaleur;14097.0;17582.0;56;178
Pontivy;56178;Hydroélectricité;Electricité;0.0;100.0;56;178
Pontivy;56178;Méthanisation;Biométhane;3946.2;408.0;56;178
Pontivy;56178;PAC (aérothermie et géothermie);Chaleur;8201.0;11475.0;56;178
Pontivy;56178;Solaire PV;Electricité;418.0;651.0;56;178
Pontivy;56178;Solaire thermique;Chaleur;136.0;190.0;56;178
Pontivy;56178;Uiom;Chaleur;46175.0;9650.0;56;178
Pontivy;56178;Uiom;Electricité;0.0;0.0;56;178
Pont-Scorff;56179;Bois énergie chaufferies;Chaleur;208.0;120.0;56;179
Pont-Scorff;56179;Bois énergie domestique;Chaleur;5710.0;7122.0;56;179
Pont-Scorff;56179;Hydroélectricité;Electricité;0.0;0.0;56;179
Pont-Scorff;56179;PAC (aérothermie et géothermie);Chaleur;2576.0;3604.0;56;179
Pont-Scorff;56179;Solaire PV;Electricité;75.0;398.0;56;179
Pont-Scorff;56179;Solaire thermique;Chaleur;43.0;60.0;56;179
Porcaro;56180;Bois énergie domestique;Chaleur;1437.0;1792.0;56;180
Porcaro;56180;Hydroélectricité;Electricité;0.0;0.0;56;180
Porcaro;56180;PAC (aérothermie et géothermie);Chaleur;666.0;932.0;56;180
Porcaro;56180;Solaire PV;Electricité;38.0;67.0;56;180
Porcaro;56180;Solaire thermique;Chaleur;11.0;20.0;56;180
Port-Louis;56181;Bois énergie chaufferies;Chaleur;132.0;60.0;56;181
Port-Louis;56181;Bois énergie domestique;Chaleur;3273.0;4082.0;56;181
Port-Louis;56181;Hydroélectricité;Electricité;0.0;0.0;56;181
Port-Louis;56181;PAC (aérothermie et géothermie);Chaleur;2290.0;3204.0;56;181
Port-Louis;56181;Solaire PV;Electricité;81.0;95.0;56;181
Port-Louis;56181;Solaire thermique;Chaleur;38.0;50.0;56;181
Priziac;56182;Bois énergie chaufferies;Chaleur;325.0;235.0;56;182
Priziac;56182;Bois énergie domestique;Chaleur;2240.0;2793.0;56;182
Priziac;56182;Hydroélectricité;Electricité;2393.0;630.0;56;182
Priziac;56182;PAC (aérothermie et géothermie);Chaleur;1167.0;1633.0;56;182
Priziac;56182;Solaire PV;Electricité;492.0;670.0;56;182
Priziac;56182;Solaire thermique;Chaleur;19.0;30.0;56;182
Questembert;56184;Bois énergie chaufferies;Chaleur;1012.0;370.0;56;184
Questembert;56184;Bois énergie domestique;Chaleur;14301.0;17837.0;56;184
Questembert;56184;Fossile;Chaleur;0.0;0.0;56;184
Questembert;56184;Fossile;Electricité;0.0;5400.0;56;184
Questembert;56184;Hydroélectricité;Electricité;0.0;0.0;56;184
Questembert;56184;PAC (aérothermie et géothermie);Chaleur;5977.0;8364.0;56;184
Questembert;56184;Solaire PV;Electricité;4055.0;3957.0;56;184
Questembert;56184;Solaire thermique;Chaleur;99.0;140.0;56;184
Quéven;56185;Bois énergie domestique;Chaleur;10735.0;13389.0;56;185
Quéven;56185;Hydroélectricité;Electricité;0.0;0.0;56;185
Quéven;56185;PAC (aérothermie et géothermie);Chaleur;6009.0;8408.0;56;185
Quéven;56185;Solaire PV;Electricité;145.0;485.0;56;185
Quéven;56185;Solaire thermique;Chaleur;100.0;140.0;56;185
Quiberon;56186;Bois énergie domestique;Chaleur;6225.0;7764.0;56;186
Quiberon;56186;Hydroélectricité;Electricité;0.0;0.0;56;186
Quiberon;56186;PAC (aérothermie et géothermie);Chaleur;7736.0;10824.0;56;186
Quiberon;56186;Solaire PV;Electricité;68.0;101.0;56;186
Quiberon;56186;Solaire thermique;Chaleur;128.0;180.0;56;186
Quistinic;56188;Bois énergie domestique;Chaleur;3173.0;3958.0;56;188
Quistinic;56188;Hydroélectricité;Electricité;1504.0;1147.0;56;188
Quistinic;56188;PAC (aérothermie et géothermie);Chaleur;1561.0;2185.0;56;188
Quistinic;56188;Solaire PV;Electricité;303.0;306.0;56;188
Quistinic;56188;Solaire thermique;Chaleur;26.0;40.0;56;188
Radenac;56189;Bois énergie domestique;Chaleur;2157.0;2690.0;56;189
Radenac;56189;Éolien terrestre;Electricité;23014.0;10400.0;56;189
Radenac;56189;Hydroélectricité;Electricité;0.0;0.0;56;189
Radenac;56189;PAC (aérothermie et géothermie);Chaleur;988.0;1382.0;56;189
Radenac;56189;Solaire PV;Electricité;84.0;326.0;56;189
Radenac;56189;Solaire thermique;Chaleur;16.0;20.0;56;189
Réguiny;56190;Bois énergie chaufferies;Chaleur;125.0;160.0;56;190
Réguiny;56190;Bois énergie domestique;Chaleur;3866.0;4822.0;56;190
Réguiny;56190;Éolien terrestre;Electricité;10296.0;6000.0;56;190
Réguiny;56190;Hydroélectricité;Electricité;0.0;0.0;56;190
Réguiny;56190;Méthanisation;Biométhane;7160.0;765.0;56;190
Réguiny;56190;PAC (aérothermie et géothermie);Chaleur;1613.0;2257.0;56;190
Réguiny;56190;Solaire PV;Electricité;372.0;769.0;56;190
Réguiny;56190;Solaire thermique;Chaleur;27.0;40.0;56;190
Réminiac;56191;Bois énergie domestique;Chaleur;919.0;1146.0;56;191
Réminiac;56191;Hydroélectricité;Electricité;0.0;0.0;56;191
Réminiac;56191;PAC (aérothermie et géothermie);Chaleur;469.0;656.0;56;191
Réminiac;56191;Solaire PV;Electricité;226.0;173.0;56;191
Réminiac;56191;Solaire thermique;Chaleur;8.0;10.0;56;191
Riantec;56193;Bois énergie domestique;Chaleur;8579.0;10699.0;56;193
Riantec;56193;Hydroélectricité;Electricité;0.0;0.0;56;193
Riantec;56193;PAC (aérothermie et géothermie);Chaleur;5202.0;7279.0;56;193
Riantec;56193;Solaire PV;Electricité;158.0;230.0;56;193
Riantec;56193;Solaire thermique;Chaleur;86.0;120.0;56;193
Rieux;56194;Bois énergie chaufferies;Chaleur;750.0;300.0;56;194
Rieux;56194;Bois énergie domestique;Chaleur;5891.0;7347.0;56;194
Rieux;56194;Éolien terrestre;Electricité;15.0;10.0;56;194
Rieux;56194;Hydroélectricité;Electricité;0.0;0.0;56;194
Rieux;56194;PAC (aérothermie et géothermie);Chaleur;2536.0;3548.0;56;194
Rieux;56194;Solaire PV;Electricité;123.0;441.0;56;194
Rieux;56194;Solaire thermique;Chaleur;42.0;60.0;56;194
La Roche-Bernard;56195;Bois énergie domestique;Chaleur;918.0;1145.0;56;195
La Roche-Bernard;56195;Hydroélectricité;Electricité;0.0;0.0;56;195
La Roche-Bernard;56195;PAC (aérothermie et géothermie);Chaleur;452.0;632.0;56;195
La Roche-Bernard;56195;Solaire thermique;Chaleur;8.0;10.0;56;195
Rochefort-en-Terre;56196;Bois énergie domestique;Chaleur;1012.0;1262.0;56;196
Rochefort-en-Terre;56196;Hydroélectricité;Electricité;0.0;0.0;56;196
Rochefort-en-Terre;56196;PAC (aérothermie et géothermie);Chaleur;519.0;726.0;56;196
Rochefort-en-Terre;56196;Solaire PV;Electricité;67.0;54.0;56;196
Rochefort-en-Terre;56196;Solaire thermique;Chaleur;9.0;10.0;56;196
Val d'Oust;56197;Bois énergie domestique;Chaleur;5481.0;6836.0;56;197
Val d'Oust;56197;Hydroélectricité;Electricité;17.0;13.0;56;197
Val d'Oust;56197;Méthanisation;Chaleur;3668.0;530.0;56;197
Val d'Oust;56197;Méthanisation;Electricité;3454.0;499.0;56;197
Val d'Oust;56197;PAC (aérothermie et géothermie);Chaleur;2457.0;3437.0;56;197
Val d'Oust;56197;Solaire PV;Electricité;345.0;394.0;56;197
Val d'Oust;56197;Solaire thermique;Chaleur;41.0;60.0;56;197
Rohan;56198;Bois énergie chaufferies;Chaleur;807.0;500.0;56;198
Rohan;56198;Bois énergie domestique;Chaleur;3054.0;3809.0;56;198
Rohan;56198;Hydroélectricité;Electricité;0.0;0.0;56;198
Rohan;56198;Méthanisation;Chaleur;7327.0;901.0;56;198
Rohan;56198;Méthanisation;Electricité;7229.0;889.0;56;198
Rohan;56198;PAC (aérothermie et géothermie);Chaleur;1412.0;1975.0;56;198
Rohan;56198;Solaire PV;Electricité;42.0;60.0;56;198
Rohan;56198;Solaire thermique;Chaleur;23.0;30.0;56;198
Roudouallec;56199;Bois énergie domestique;Chaleur;1629.0;2032.0;56;199
Roudouallec;56199;Éolien terrestre;Electricité;8937.0;5600.0;56;199
Roudouallec;56199;Hydroélectricité;Electricité;0.0;0.0;56;199
Roudouallec;56199;PAC (aérothermie et géothermie);Chaleur;822.0;1150.0;56;199
Roudouallec;56199;Solaire PV;Electricité;220.0;281.0;56;199
Roudouallec;56199;Solaire thermique;Chaleur;14.0;20.0;56;199
Ruffiac;56200;Bois énergie chaufferies;Chaleur;5574.0;2000.0;56;200
Ruffiac;56200;Bois énergie domestique;Chaleur;2964.0;3697.0;56;200
Ruffiac;56200;Éolien terrestre;Electricité;20627.0;8000.0;56;200
Ruffiac;56200;Hydroélectricité;Electricité;0.0;0.0;56;200
Ruffiac;56200;PAC (aérothermie et géothermie);Chaleur;1415.0;1980.0;56;200
Ruffiac;56200;Solaire PV;Electricité;1196.0;1340.0;56;200
Ruffiac;56200;Solaire thermique;Chaleur;23.0;30.0;56;200
Le Saint;56201;Bois énergie domestique;Chaleur;1472.0;1835.0;56;201
Le Saint;56201;Hydroélectricité;Electricité;0.0;0.0;56;201
Le Saint;56201;PAC (aérothermie et géothermie);Chaleur;750.0;1050.0;56;201
Le Saint;56201;Solaire PV;Electricité;797.0;806.0;56;201
Le Saint;56201;Solaire thermique;Chaleur;12.0;20.0;56;201
Saint-Abraham;56202;Bois énergie domestique;Chaleur;1030.0;1285.0;56;202
Saint-Abraham;56202;Hydroélectricité;Electricité;710.0;540.0;56;202
Saint-Abraham;56202;PAC (aérothermie et géothermie);Chaleur;463.0;648.0;56;202
Saint-Abraham;56202;Solaire thermique;Chaleur;8.0;10.0;56;202
Saint-Aignan;56203;Bois énergie domestique;Chaleur;1441.0;1798.0;56;203
Saint-Aignan;56203;Hydroélectricité;Electricité;678.0;630.0;56;203
Saint-Aignan;56203;Méthanisation;Biométhane;11837.2;1530.0;56;203
Saint-Aignan;56203;PAC (aérothermie et géothermie);Chaleur;779.0;1090.0;56;203
Saint-Aignan;56203;Solaire PV;Electricité;733.0;1609.0;56;203
Saint-Aignan;56203;Solaire thermique;Chaleur;13.0;20.0;56;203
Saint-Allouestre;56204;Bois énergie domestique;Chaleur;1307.0;1630.0;56;204
Saint-Allouestre;56204;Éolien terrestre;Electricité;11966.0;9200.0;56;204
Saint-Allouestre;56204;Hydroélectricité;Electricité;0.0;0.0;56;204
Saint-Allouestre;56204;PAC (aérothermie et géothermie);Chaleur;565.0;791.0;56;204
Saint-Allouestre;56204;Solaire PV;Electricité;40.0;63.0;56;204
Saint-Allouestre;56204;Solaire thermique;Chaleur;9.0;10.0;56;204
Saint-Armel;56205;Bois énergie domestique;Chaleur;1973.0;2461.0;56;205
Saint-Armel;56205;Hydroélectricité;Electricité;0.0;0.0;56;205
Saint-Armel;56205;PAC (aérothermie et géothermie);Chaleur;1317.0;1843.0;56;205
Saint-Armel;56205;Solaire PV;Electricité;29.0;43.0;56;205
Saint-Armel;56205;Solaire thermique;Chaleur;22.0;30.0;56;205
Saint-Avé;56206;Bois énergie domestique;Chaleur;12633.0;15756.0;56;206
Saint-Avé;56206;Hydroélectricité;Electricité;0.0;0.0;56;206
Saint-Avé;56206;PAC (aérothermie et géothermie);Chaleur;6971.0;9755.0;56;206
Saint-Avé;56206;Solaire PV;Electricité;2967.0;3237.0;56;206
Saint-Avé;56206;Solaire thermique;Chaleur;115.0;160.0;56;206
Saint-Barthélemy;56207;Bois énergie domestique;Chaleur;2547.0;3177.0;56;207
Saint-Barthélemy;56207;Hydroélectricité;Electricité;0.0;0.0;56;207
Saint-Barthélemy;56207;PAC (aérothermie et géothermie);Chaleur;1192.0;1668.0;56;207
Saint-Barthélemy;56207;Solaire PV;Electricité;44.0;102.0;56;207
Saint-Barthélemy;56207;Solaire thermique;Chaleur;20.0;30.0;56;207
Saint-Brieuc-de-Mauron;56208;Bois énergie domestique;Chaleur;694.0;866.0;56;208
Saint-Brieuc-de-Mauron;56208;Hydroélectricité;Electricité;0.0;0.0;56;208
Saint-Brieuc-de-Mauron;56208;PAC (aérothermie et géothermie);Chaleur;366.0;512.0;56;208
Saint-Brieuc-de-Mauron;56208;Solaire PV;Electricité;775.0;608.0;56;208
Saint-Brieuc-de-Mauron;56208;Solaire thermique;Chaleur;6.0;10.0;56;208
Sainte-Brigitte;56209;Bois énergie domestique;Chaleur;422.0;527.0;56;209
Sainte-Brigitte;56209;Hydroélectricité;Electricité;0.0;0.0;56;209
Sainte-Brigitte;56209;PAC (aérothermie et géothermie);Chaleur;244.0;341.0;56;209
Sainte-Brigitte;56209;Solaire thermique;Chaleur;4.0;10.0;56;209
Saint-Caradec-Trégomel;56210;Bois énergie domestique;Chaleur;1058.0;1320.0;56;210
Saint-Caradec-Trégomel;56210;Hydroélectricité;Electricité;0.0;0.0;56;210
Saint-Caradec-Trégomel;56210;PAC (aérothermie et géothermie);Chaleur;515.0;721.0;56;210
Saint-Caradec-Trégomel;56210;Solaire PV;Electricité;13.0;160.0;56;210
Saint-Caradec-Trégomel;56210;Solaire thermique;Chaleur;9.0;10.0;56;210
Saint-Congard;56211;Bois énergie domestique;Chaleur;1694.0;2113.0;56;211
Saint-Congard;56211;Éolien terrestre;Electricité;15371.0;8200.0;56;211
Saint-Congard;56211;Hydroélectricité;Electricité;0.0;0.0;56;211
Saint-Congard;56211;PAC (aérothermie et géothermie);Chaleur;852.0;1193.0;56;211
Saint-Congard;56211;Solaire PV;Electricité;176.0;382.0;56;211
Saint-Congard;56211;Solaire thermique;Chaleur;14.0;20.0;56;211
Saint-Dolay;56212;Bois énergie domestique;Chaleur;5145.0;6417.0;56;212
Saint-Dolay;56212;Hydroélectricité;Electricité;0.0;0.0;56;212
Saint-Dolay;56212;PAC (aérothermie et géothermie);Chaleur;2398.0;3355.0;56;212
Saint-Dolay;56212;Solaire PV;Electricité;313.0;332.0;56;212
Saint-Dolay;56212;Solaire thermique;Chaleur;40.0;60.0;56;212
Saint-Gérand-Croixanvec;56213;Bois énergie domestique;Chaleur;2401.0;2995.0;56;213
Saint-Gérand-Croixanvec;56213;Hydroélectricité;Electricité;0.0;0.0;56;213
Saint-Gérand-Croixanvec;56213;Méthanisation;Biométhane;19137.6;2245.0;56;213
Saint-Gérand-Croixanvec;56213;PAC (aérothermie et géothermie);Chaleur;1048.0;1467.0;56;213
Saint-Gérand-Croixanvec;56213;Solaire PV;Electricité;95.0;93.0;56;213
Saint-Gérand-Croixanvec;56213;Solaire thermique;Chaleur;17.0;20.0;56;213
Saint-Gildas-de-Rhuys;56214;Bois énergie domestique;Chaleur;5831.0;7272.0;56;214
Saint-Gildas-de-Rhuys;56214;Hydroélectricité;Electricité;0.0;0.0;56;214
Saint-Gildas-de-Rhuys;56214;PAC (aérothermie et géothermie);Chaleur;5877.0;8224.0;56;214
Saint-Gildas-de-Rhuys;56214;Solaire PV;Electricité;125.0;155.0;56;214
Saint-Gildas-de-Rhuys;56214;Solaire thermique;Chaleur;97.0;140.0;56;214
Saint-Gonnery;56215;Bois énergie domestique;Chaleur;2226.0;2776.0;56;215
Saint-Gonnery;56215;Hydroélectricité;Electricité;0.0;0.0;56;215
Saint-Gonnery;56215;PAC (aérothermie et géothermie);Chaleur;951.0;1330.0;56;215
Saint-Gonnery;56215;Solaire PV;Electricité;304.0;373.0;56;215
Saint-Gonnery;56215;Solaire thermique;Chaleur;16.0;20.0;56;215
Saint-Gorgon;56216;Bois énergie domestique;Chaleur;821.0;1024.0;56;216
Saint-Gorgon;56216;Hydroélectricité;Electricité;0.0;0.0;56;216
Saint-Gorgon;56216;PAC (aérothermie et géothermie);Chaleur;387.0;542.0;56;216
Saint-Gorgon;56216;Solaire thermique;Chaleur;6.0;10.0;56;216
Saint-Gravé;56218;Bois énergie domestique;Chaleur;1623.0;2024.0;56;218
Saint-Gravé;56218;Hydroélectricité;Electricité;0.0;0.0;56;218
Saint-Gravé;56218;PAC (aérothermie et géothermie);Chaleur;812.0;1137.0;56;218
Saint-Gravé;56218;Solaire PV;Electricité;33.0;45.0;56;218
Saint-Gravé;56218;Solaire thermique;Chaleur;13.0;20.0;56;218
Saint-Guyomard;56219;Bois énergie domestique;Chaleur;2294.0;2861.0;56;219
Saint-Guyomard;56219;Hydroélectricité;Electricité;0.0;0.0;56;219
Saint-Guyomard;56219;PAC (aérothermie et géothermie);Chaleur;1168.0;1635.0;56;219
Saint-Guyomard;56219;Solaire PV;Electricité;68.0;129.0;56;219
Saint-Guyomard;56219;Solaire thermique;Chaleur;19.0;30.0;56;219
Sainte-Hélène;56220;Bois énergie domestique;Chaleur;2347.0;2928.0;56;220
Sainte-Hélène;56220;Hydroélectricité;Electricité;0.0;0.0;56;220
Sainte-Hélène;56220;PAC (aérothermie et géothermie);Chaleur;1215.0;1700.0;56;220
Sainte-Hélène;56220;Solaire PV;Electricité;42.0;45.0;56;220
Sainte-Hélène;56220;Solaire thermique;Chaleur;20.0;30.0;56;220
Saint-Jacut-les-Pins;56221;Bois énergie chaufferies;Chaleur;276.0;500.0;56;221
Saint-Jacut-les-Pins;56221;Bois énergie domestique;Chaleur;3214.0;4009.0;56;221
Saint-Jacut-les-Pins;56221;Hydroélectricité;Electricité;0.0;0.0;56;221
Saint-Jacut-les-Pins;56221;PAC (aérothermie et géothermie);Chaleur;1466.0;2051.0;56;221
Saint-Jacut-les-Pins;56221;Solaire PV;Electricité;138.0;138.0;56;221
Saint-Jacut-les-Pins;56221;Solaire thermique;Chaleur;24.0;30.0;56;221
Saint-Jean-Brévelay;56222;Bois énergie domestique;Chaleur;4583.0;5716.0;56;222
Saint-Jean-Brévelay;56222;Hydroélectricité;Electricité;0.0;0.0;56;222
Saint-Jean-Brévelay;56222;PAC (aérothermie et géothermie);Chaleur;2184.0;3056.0;56;222
Saint-Jean-Brévelay;56222;Solaire PV;Electricité;786.0;959.0;56;222
Saint-Jean-Brévelay;56222;Solaire thermique;Chaleur;36.0;50.0;56;222
Saint-Jean-la-Poterie;56223;Bois énergie domestique;Chaleur;3123.0;3895.0;56;223
Saint-Jean-la-Poterie;56223;Hydroélectricité;Electricité;0.0;0.0;56;223
Saint-Jean-la-Poterie;56223;PAC (aérothermie et géothermie);Chaleur;1379.0;1930.0;56;223
Saint-Jean-la-Poterie;56223;Solaire PV;Electricité;92.0;116.0;56;223
Saint-Jean-la-Poterie;56223;Solaire thermique;Chaleur;23.0;30.0;56;223
Saint-Laurent-sur-Oust;56224;Bois énergie domestique;Chaleur;821.0;1024.0;56;224
Saint-Laurent-sur-Oust;56224;Éolien terrestre;Electricité;5394.0;2000.0;56;224
Saint-Laurent-sur-Oust;56224;Hydroélectricité;Electricité;837.0;350.0;56;224
Saint-Laurent-sur-Oust;56224;PAC (aérothermie et géothermie);Chaleur;373.0;522.0;56;224
Saint-Laurent-sur-Oust;56224;Solaire thermique;Chaleur;6.0;10.0;56;224
Saint-Léry;56225;Bois énergie domestique;Chaleur;406.0;506.0;56;225
Saint-Léry;56225;Hydroélectricité;Electricité;0.0;0.0;56;225
Saint-Léry;56225;PAC (aérothermie et géothermie);Chaleur;188.0;263.0;56;225
Saint-Léry;56225;Solaire thermique;Chaleur;3.0;0.0;56;225
Saint-Malo-de-Beignon;56226;Bois énergie domestique;Chaleur;988.0;1232.0;56;226
Saint-Malo-de-Beignon;56226;Hydroélectricité;Electricité;0.0;0.0;56;226
Saint-Malo-de-Beignon;56226;PAC (aérothermie et géothermie);Chaleur;428.0;599.0;56;226
Saint-Malo-de-Beignon;56226;Solaire thermique;Chaleur;7.0;10.0;56;226
Saint-Malo-des-Trois-Fontaines;56227;Bois énergie domestique;Chaleur;1162.0;1449.0;56;227
Saint-Malo-des-Trois-Fontaines;56227;Éolien terrestre;Electricité;11893.0;6000.0;56;227
Saint-Malo-des-Trois-Fontaines;56227;Hydroélectricité;Electricité;0.0;0.0;56;227
Saint-Malo-des-Trois-Fontaines;56227;PAC (aérothermie et géothermie);Chaleur;646.0;904.0;56;227
Saint-Malo-des-Trois-Fontaines;56227;Solaire PV;Electricité;576.0;539.0;56;227
Saint-Malo-des-Trois-Fontaines;56227;Solaire thermique;Chaleur;11.0;10.0;56;227
Saint-Marcel;56228;Bois énergie domestique;Chaleur;2070.0;2582.0;56;228
Saint-Marcel;56228;Hydroélectricité;Electricité;0.0;0.0;56;228
Saint-Marcel;56228;PAC (aérothermie et géothermie);Chaleur;860.0;1203.0;56;228
Saint-Marcel;56228;Solaire PV;Electricité;229.0;426.0;56;228
Saint-Marcel;56228;Solaire thermique;Chaleur;14.0;20.0;56;228
Saint-Martin-sur-Oust;56229;Bois énergie chaufferies;Chaleur;2324.0;1050.0;56;229
Saint-Martin-sur-Oust;56229;Bois énergie domestique;Chaleur;3009.0;3753.0;56;229
Saint-Martin-sur-Oust;56229;Éolien terrestre;Electricité;11884.0;9000.0;56;229
Saint-Martin-sur-Oust;56229;Hydroélectricité;Electricité;0.0;0.0;56;229
Saint-Martin-sur-Oust;56229;PAC (aérothermie et géothermie);Chaleur;1511.0;2114.0;56;229
Saint-Martin-sur-Oust;56229;Solaire PV;Electricité;434.0;330.0;56;229
Saint-Martin-sur-Oust;56229;Solaire thermique;Chaleur;25.0;40.0;56;229
Saint-Nicolas-du-Tertre;56230;Bois énergie domestique;Chaleur;1104.0;1377.0;56;230
Saint-Nicolas-du-Tertre;56230;Éolien terrestre;Electricité;13334.0;6000.0;56;230
Saint-Nicolas-du-Tertre;56230;Hydroélectricité;Electricité;0.0;0.0;56;230
Saint-Nicolas-du-Tertre;56230;Méthanisation;Chaleur;10985.0;1292.0;56;230
Saint-Nicolas-du-Tertre;56230;Méthanisation;Electricité;12409.0;1461.0;56;230
Saint-Nicolas-du-Tertre;56230;PAC (aérothermie et géothermie);Chaleur;558.0;781.0;56;230
Saint-Nicolas-du-Tertre;56230;Solaire PV;Electricité;346.0;340.0;56;230
Saint-Nicolas-du-Tertre;56230;Solaire thermique;Chaleur;9.0;10.0;56;230
Saint-Nolff;56231;Bois énergie chaufferies;Chaleur;415.0;250.0;56;231
Saint-Nolff;56231;Bois énergie domestique;Chaleur;6150.0;7671.0;56;231
Saint-Nolff;56231;Hydroélectricité;Electricité;0.0;0.0;56;231
Saint-Nolff;56231;PAC (aérothermie et géothermie);Chaleur;2775.0;3883.0;56;231
Saint-Nolff;56231;Solaire PV;Electricité;319.0;414.0;56;231
Saint-Nolff;56231;Solaire thermique;Chaleur;46.0;60.0;56;231
Saint-Perreux;56232;Bois énergie domestique;Chaleur;2347.0;2927.0;56;232
Saint-Perreux;56232;Hydroélectricité;Electricité;0.0;0.0;56;232
Saint-Perreux;56232;PAC (aérothermie et géothermie);Chaleur;1066.0;1491.0;56;232
Saint-Perreux;56232;Solaire PV;Electricité;66.0;86.0;56;232
Saint-Perreux;56232;Solaire thermique;Chaleur;18.0;20.0;56;232
Saint-Philibert;56233;Bois énergie domestique;Chaleur;3255.0;4059.0;56;233
Saint-Philibert;56233;Hydroélectricité;Electricité;0.0;0.0;56;233
Saint-Philibert;56233;PAC (aérothermie et géothermie);Chaleur;2561.0;3584.0;56;233
Saint-Philibert;56233;Solaire PV;Electricité;41.0;53.0;56;233
Saint-Philibert;56233;Solaire thermique;Chaleur;42.0;60.0;56;233
Saint-Pierre-Quiberon;56234;Bois énergie domestique;Chaleur;6599.0;8230.0;56;234
Saint-Pierre-Quiberon;56234;Hydroélectricité;Electricité;0.0;0.0;56;234
Saint-Pierre-Quiberon;56234;PAC (aérothermie et géothermie);Chaleur;5650.0;7906.0;56;234
Saint-Pierre-Quiberon;56234;Solaire PV;Electricité;77.0;97.0;56;234
Saint-Pierre-Quiberon;56234;Solaire thermique;Chaleur;94.0;130.0;56;234
Saint-Servant;56236;Bois énergie chaufferies;Chaleur;51.0;60.0;56;236
Saint-Servant;56236;Bois énergie domestique;Chaleur;1928.0;2405.0;56;236
Saint-Servant;56236;Éolien terrestre;Electricité;10897.0;6000.0;56;236
Saint-Servant;56236;Hydroélectricité;Electricité;0.0;0.0;56;236
Saint-Servant;56236;PAC (aérothermie et géothermie);Chaleur;1001.0;1401.0;56;236
Saint-Servant;56236;Solaire PV;Electricité;64.0;64.0;56;236
Saint-Servant;56236;Solaire thermique;Chaleur;17.0;20.0;56;236
Saint-Thuriau;56237;Bois énergie domestique;Chaleur;3682.0;4592.0;56;237
Saint-Thuriau;56237;Hydroélectricité;Electricité;0.0;0.0;56;237
Saint-Thuriau;56237;PAC (aérothermie et géothermie);Chaleur;1533.0;2145.0;56;237
Saint-Thuriau;56237;Solaire PV;Electricité;155.0;307.0;56;237
Saint-Thuriau;56237;Solaire thermique;Chaleur;25.0;40.0;56;237
Saint-Tugdual;56238;Bois énergie domestique;Chaleur;903.0;1126.0;56;238
Saint-Tugdual;56238;Hydroélectricité;Electricité;0.0;0.0;56;238
Saint-Tugdual;56238;PAC (aérothermie et géothermie);Chaleur;502.0;702.0;56;238
Saint-Tugdual;56238;Solaire thermique;Chaleur;8.0;10.0;56;238
Saint-Vincent-sur-Oust;56239;Bois énergie domestique;Chaleur;3055.0;3810.0;56;239
Saint-Vincent-sur-Oust;56239;Hydroélectricité;Electricité;0.0;0.0;56;239
Saint-Vincent-sur-Oust;56239;PAC (aérothermie et géothermie);Chaleur;1427.0;1996.0;56;239
Saint-Vincent-sur-Oust;56239;Solaire PV;Electricité;172.0;200.0;56;239
Saint-Vincent-sur-Oust;56239;Solaire thermique;Chaleur;24.0;30.0;56;239
Sarzeau;56240;Bois énergie chaufferies;Chaleur;1320.0;780.0;56;240
Sarzeau;56240;Bois énergie domestique;Chaleur;22447.0;27996.0;56;240
Sarzeau;56240;Hydroélectricité;Electricité;0.0;0.0;56;240
Sarzeau;56240;PAC (aérothermie et géothermie);Chaleur;16667.0;23322.0;56;240
Sarzeau;56240;Solaire PV;Electricité;772.0;878.0;56;240
Sarzeau;56240;Solaire thermique;Chaleur;276.0;390.0;56;240
Sauzon;56241;Bois énergie domestique;Chaleur;2666.0;3325.0;56;241
Sauzon;56241;Hydroélectricité;Electricité;0.0;0.0;56;241
Sauzon;56241;PAC (aérothermie et géothermie);Chaleur;2040.0;2854.0;56;241
Sauzon;56241;Solaire thermique;Chaleur;34.0;50.0;56;241
Séglien;56242;Bois énergie domestique;Chaleur;1470.0;1833.0;56;242
Séglien;56242;Éolien terrestre;Electricité;16286.0;9000.0;56;242
Séglien;56242;Hydroélectricité;Electricité;0.0;0.0;56;242
Séglien;56242;PAC (aérothermie et géothermie);Chaleur;807.0;1129.0;56;242
Séglien;56242;Solaire PV;Electricité;90.0;101.0;56;242
Séglien;56242;Solaire thermique;Chaleur;13.0;20.0;56;242
Séné;56243;Bois énergie domestique;Chaleur;11446.0;14276.0;56;243
Séné;56243;Hydroélectricité;Electricité;0.0;0.0;56;243
Séné;56243;PAC (aérothermie et géothermie);Chaleur;6901.0;9656.0;56;243
Séné;56243;Solaire PV;Electricité;430.0;476.0;56;243
Séné;56243;Solaire thermique;Chaleur;114.0;160.0;56;243
Sérent;56244;Bois énergie chaufferies;Chaleur;2229.0;1730.0;56;244
Sérent;56244;Bois énergie domestique;Chaleur;6313.0;7873.0;56;244
Sérent;56244;Hydroélectricité;Electricité;0.0;0.0;56;244
Sérent;56244;PAC (aérothermie et géothermie);Chaleur;2912.0;4074.0;56;244
Sérent;56244;Solaire PV;Electricité;703.0;693.0;56;244
Sérent;56244;Solaire thermique;Chaleur;48.0;70.0;56;244
Silfiac;56245;Bois énergie chaufferies;Chaleur;523.0;376.0;56;245
Silfiac;56245;Bois énergie domestique;Chaleur;1036.0;1293.0;56;245
Silfiac;56245;Éolien terrestre;Electricité;5526.0;3200.0;56;245
Silfiac;56245;Hydroélectricité;Electricité;0.0;0.0;56;245
Silfiac;56245;PAC (aérothermie et géothermie);Chaleur;543.0;760.0;56;245
Silfiac;56245;Solaire PV;Electricité;428.0;340.0;56;245
Silfiac;56245;Solaire thermique;Chaleur;9.0;10.0;56;245
Le Sourn;56246;Bois énergie domestique;Chaleur;3009.0;3753.0;56;246
Le Sourn;56246;Hydroélectricité;Electricité;0.0;0.0;56;246
Le Sourn;56246;Méthanisation;Biométhane;5289.3;571.0;56;246
Le Sourn;56246;PAC (aérothermie et géothermie);Chaleur;1712.0;2395.0;56;246
Le Sourn;56246;Solaire PV;Electricité;151.0;204.0;56;246
Le Sourn;56246;Solaire thermique;Chaleur;28.0;40.0;56;246
Sulniac;56247;Bois énergie domestique;Chaleur;5834.0;7276.0;56;247
Sulniac;56247;Hydroélectricité;Electricité;0.0;0.0;56;247
Sulniac;56247;PAC (aérothermie et géothermie);Chaleur;2776.0;3885.0;56;247
Sulniac;56247;Solaire PV;Electricité;441.0;525.0;56;247
Sulniac;56247;Solaire thermique;Chaleur;46.0;60.0;56;247
Surzur;56248;Bois énergie domestique;Chaleur;7651.0;9543.0;56;248
Surzur;56248;Hydroélectricité;Electricité;0.0;0.0;56;248
Surzur;56248;Méthanisation;Chaleur;1700.0;458.0;56;248
Surzur;56248;Méthanisation;Electricité;1849.0;498.0;56;248
Surzur;56248;PAC (aérothermie et géothermie);Chaleur;3652.0;5110.0;56;248
Surzur;56248;Solaire PV;Electricité;1608.0;1714.0;56;248
Surzur;56248;Solaire thermique;Chaleur;61.0;80.0;56;248
Taupont;56249;Bois énergie domestique;Chaleur;4534.0;5655.0;56;249
Taupont;56249;Éolien terrestre;Electricité;7929.0;4000.0;56;249
Taupont;56249;Hydroélectricité;Electricité;0.0;0.0;56;249
Taupont;56249;Méthanisation;Biométhane;0.0;0.0;56;249
Taupont;56249;PAC (aérothermie et géothermie);Chaleur;2130.0;2980.0;56;249
Taupont;56249;Solaire PV;Electricité;889.0;811.0;56;249
Taupont;56249;Solaire thermique;Chaleur;35.0;50.0;56;249
Théhillac;56250;Bois énergie chaufferies;Chaleur;56.0;56.0;56;250
Théhillac;56250;Bois énergie domestique;Chaleur;1207.0;1505.0;56;250
Théhillac;56250;Hydroélectricité;Electricité;0.0;0.0;56;250
Théhillac;56250;PAC (aérothermie et géothermie);Chaleur;564.0;789.0;56;250
Théhillac;56250;Solaire PV;Electricité;32.0;28.0;56;250
Théhillac;56250;Solaire thermique;Chaleur;9.0;10.0;56;250
Theix-Noyalo;56251;Bois énergie domestique;Chaleur;12854.0;16032.0;56;251
Theix-Noyalo;56251;Éolien terrestre;Electricité;15.0;10.0;56;251
Theix-Noyalo;56251;Hydroélectricité;Electricité;0.0;0.0;56;251
Theix-Noyalo;56251;PAC (aérothermie et géothermie);Chaleur;5945.0;8318.0;56;251
Theix-Noyalo;56251;Solaire PV;Electricité;285.0;595.0;56;251
Theix-Noyalo;56251;Solaire thermique;Chaleur;98.0;140.0;56;251
Le Tour-du-Parc;56252;Bois énergie domestique;Chaleur;2822.0;3519.0;56;252
Le Tour-du-Parc;56252;Hydroélectricité;Electricité;0.0;0.0;56;252
Le Tour-du-Parc;56252;PAC (aérothermie et géothermie);Chaleur;1986.0;2780.0;56;252
Le Tour-du-Parc;56252;Solaire PV;Electricité;77.0;115.0;56;252
Le Tour-du-Parc;56252;Solaire thermique;Chaleur;33.0;50.0;56;252
Tréal;56253;Bois énergie domestique;Chaleur;1469.0;1832.0;56;253
Tréal;56253;Hydroélectricité;Electricité;0.0;0.0;56;253
Tréal;56253;Méthanisation;Chaleur;841.0;120.0;56;253
Tréal;56253;PAC (aérothermie et géothermie);Chaleur;787.0;1101.0;56;253
Tréal;56253;Solaire PV;Electricité;186.0;281.0;56;253
Tréal;56253;Solaire thermique;Chaleur;13.0;20.0;56;253
Trédion;56254;Bois énergie chaufferies;Chaleur;952.0;650.0;56;254
Trédion;56254;Bois énergie domestique;Chaleur;2088.0;2605.0;56;254
Trédion;56254;Hydroélectricité;Electricité;0.0;0.0;56;254
Trédion;56254;PAC (aérothermie et géothermie);Chaleur;1061.0;1484.0;56;254
Trédion;56254;Solaire PV;Electricité;1024.0;1022.0;56;254
Trédion;56254;Solaire thermique;Chaleur;18.0;20.0;56;254
Treffléan;56255;Bois énergie domestique;Chaleur;3534.0;4408.0;56;255
Treffléan;56255;Hydroélectricité;Electricité;0.0;0.0;56;255
Treffléan;56255;PAC (aérothermie et géothermie);Chaleur;1589.0;2223.0;56;255
Treffléan;56255;Solaire PV;Electricité;374.0;319.0;56;255
Treffléan;56255;Solaire thermique;Chaleur;26.0;40.0;56;255
Tréhorenteuc;56256;Bois énergie domestique;Chaleur;336.0;419.0;56;256
Tréhorenteuc;56256;Hydroélectricité;Electricité;0.0;0.0;56;256
Tréhorenteuc;56256;PAC (aérothermie et géothermie);Chaleur;204.0;285.0;56;256
Tréhorenteuc;56256;Solaire thermique;Chaleur;3.0;0.0;56;256
La Trinité-Porhoët;56257;Bois énergie domestique;Chaleur;1543.0;1925.0;56;257
La Trinité-Porhoët;56257;Hydroélectricité;Electricité;0.0;0.0;56;257
La Trinité-Porhoët;56257;PAC (aérothermie et géothermie);Chaleur;805.0;1126.0;56;257
La Trinité-Porhoët;56257;Solaire PV;Electricité;229.0;209.0;56;257
La Trinité-Porhoët;56257;Solaire thermique;Chaleur;13.0;20.0;56;257
La Trinité-sur-Mer;56258;Bois énergie domestique;Chaleur;4298.0;5361.0;56;258
La Trinité-sur-Mer;56258;Hydroélectricité;Electricité;0.0;0.0;56;258
La Trinité-sur-Mer;56258;PAC (aérothermie et géothermie);Chaleur;3683.0;5154.0;56;258
La Trinité-sur-Mer;56258;Solaire PV;Electricité;98.0;119.0;56;258
La Trinité-sur-Mer;56258;Solaire thermique;Chaleur;61.0;90.0;56;258
La Trinité-Surzur;56259;Bois énergie domestique;Chaleur;2411.0;3007.0;56;259
La Trinité-Surzur;56259;Hydroélectricité;Electricité;0.0;0.0;56;259
La Trinité-Surzur;56259;PAC (aérothermie et géothermie);Chaleur;1143.0;1600.0;56;259
La Trinité-Surzur;56259;Solaire PV;Electricité;1289.0;1087.0;56;259
La Trinité-Surzur;56259;Solaire thermique;Chaleur;19.0;30.0;56;259
Vannes;56260;Bois énergie chaufferies;Chaleur;14.0;25.0;56;260
Vannes;56260;Bois énergie domestique;Chaleur;30942.0;38591.0;56;260
Vannes;56260;Fossile;Chaleur;918.0;523.0;56;260
Vannes;56260;Fossile;Electricité;816.0;465.0;56;260
Vannes;56260;Hydroélectricité;Electricité;0.0;0.0;56;260
Vannes;56260;Méthanisation;Chaleur;4205.0;600.0;56;260
Vannes;56260;Méthanisation;Electricité;0.0;0.0;56;260
Vannes;56260;PAC (aérothermie et géothermie);Chaleur;18805.0;26313.0;56;260
Vannes;56260;Solaire PV;Electricité;1542.0;2375.0;56;260
Vannes;56260;Solaire thermique;Chaleur;311.0;440.0;56;260
La Vraie-Croix;56261;Bois énergie domestique;Chaleur;2492.0;3107.0;56;261
La Vraie-Croix;56261;Hydroélectricité;Electricité;0.0;0.0;56;261
La Vraie-Croix;56261;Méthanisation;Chaleur;8139.0;1392.0;56;261
La Vraie-Croix;56261;Méthanisation;Electricité;8516.0;1436.0;56;261
La Vraie-Croix;56261;PAC (aérothermie et géothermie);Chaleur;1181.0;1652.0;56;261
La Vraie-Croix;56261;Solaire PV;Electricité;838.0;852.0;56;261
La Vraie-Croix;56261;Solaire thermique;Chaleur;20.0;30.0;56;261
Le Bono;56262;Bois énergie domestique;Chaleur;4296.0;5358.0;56;262
Le Bono;56262;Hydroélectricité;Electricité;0.0;0.0;56;262
Le Bono;56262;PAC (aérothermie et géothermie);Chaleur;2267.0;3173.0;56;262
Le Bono;56262;Solaire PV;Electricité;56.0;101.0;56;262
Le Bono;56262;Solaire thermique;Chaleur;38.0;50.0;56;262
Sainte-Anne-d'Auray;56263;Bois énergie domestique;Chaleur;3968.0;4949.0;56;263
Sainte-Anne-d'Auray;56263;Hydroélectricité;Electricité;0.0;0.0;56;263
Sainte-Anne-d'Auray;56263;PAC (aérothermie et géothermie);Chaleur;1866.0;2611.0;56;263
Sainte-Anne-d'Auray;56263;Solaire PV;Electricité;45.0;67.0;56;263
Sainte-Anne-d'Auray;56263;Solaire thermique;Chaleur;31.0;40.0;56;263
Kernascléden;56264;Bois énergie chaufferies;Chaleur;186.0;130.0;56;264
Kernascléden;56264;Bois énergie domestique;Chaleur;788.0;982.0;56;264
Kernascléden;56264;Hydroélectricité;Electricité;0.0;0.0;56;264
Kernascléden;56264;PAC (aérothermie et géothermie);Chaleur;407.0;570.0;56;264
Kernascléden;56264;Solaire PV;Electricité;0.0;110.0;56;264
Kernascléden;56264;Solaire thermique;Chaleur;7.0;10.0;56;264
